x,y,u1,u2,sxx,syy,sxy
0,-600,2.22438e-24,5.24694e-24,381636,702361,4791.67
0,-598.8,1.79919e-19,9.57935e-05,382014,702601,4607.71
0,-597.6,3.83176e-24,0.00019161,382392,702842,4423.75
0,-596.4,4.55281e-24,0.00028745,382770,703083,4239.79
0,-595.2,9.03788e-20,0.000383312,383148,703324,4055.83
0,-594,9.0518e-20,0.000479198,383527,703564,3871.87
0,-592.8,9.06572e-20,0.000575107,383905,703805,3687.91
0,-591.6,9.07963e-20,0.000671039,384283,704046,3503.95
0,-590.4,7.33171e-24,0.000766994,384661,704287,3319.99
0,-589.2,7.72221e-24,0.000862972,385039,704527,3136.03
0,-588,9.12132e-20,0.000958973,385417,704768,2952.07
0,-586.8,8.33795e-24,0.001055,385795,705009,2768.11
0,-585.6,8.56318e-24,0.00115104,386173,705250,2584.14
0,-584.4,8.73332e-24,0.00124712,386552,705490,2400.18
0,-583.2,9.17684e-20,0.00134321,386930,705731,2216.22
0,-582,8.90833e-24,0.00143933,387308,705972,2032.26
0,-580.8,8.9132e-24,0.00153546,387686,706213,1848.3
0,-579.6,4.60965e-20,0.00163163,388064,706453,1664.34
0,-578.4,4.61657e-20,0.00172781,388442,706694,1480.38
0,-577.2,9.24611e-20,0.00182402,388820,706935,1296.42
0,-576,4.63039e-20,0.00192025,389198,707176,1112.46
0,-574.8,4.6373e-20,0.00201651,389576,707416,928.496
0,-573.6,9.28761e-20,0.00211279,389955,707657,744.535
0,-572.4,6.97626e-20,0.00220909,390333,707898,560.574
0,-571.2,9.31525e-20,0.00230541,390711,708139,376.613
0,-570,9.32906e-20,0.00240176,391089,708379,192.652
0,-568.8,-1.16719e-20,0.00249813,391467,708620,8.69158
0,-567.6,1.17005e-20,0.00259452,391845,708861,-175.269
0,-566.4,9.95608e-20,0.00269094,392223,709102,-359.23
0,-565.2,4.52333e-24,0.00278742,392738,709569,-338.061
0,-564,5.09708e-24,0.00288403,393451,710350,-48.8741
0,-562.8,5.62204e-24,0.00298072,394176,711129,217.8
0,-561.6,6.09821e-24,0.0030775,394913,711905,461.962
0,-560.4,6.52558e-24,0.00317436,395662,712680,683.611
0,-559.2,6.90416e-24,0.0032713,396424,713452,882.748
0,-558,7.23395e-24,0.00336832,397197,714222,1059.37
0,-556.8,7.51495e-24,0.00346543,397983,714991,1213.49
0,-555.6,7.74715e-24,0.00356263,398781,715757,1345.09
0,-554.4,7.93057e-24,0.0036599,399591,716520,1454.17
0,-553.2,8.06519e-24,0.00375726,400414,717282,1540.75
0,-552,8.15102e-24,0.00385471,401248,718042,1604.81
0,-550.8,8.18805e-24,0.00395224,402095,718799,1646.36
0,-549.6,8.1763e-24,0.00404985,402954,719555,1665.4
0,-548.4,8.11575e-24,0.00414754,403825,720308,1661.93
0,-547.2,8.00641e-24,0.00424532,404708,721059,1635.94
0,-546,7.84828e-24,0.00434318,405604,721808,1587.44
0,-544.8,7.64135e-24,0.00444113,406511,722555,1516.43
0,-543.6,7.38564e-24,0.00453916,407431,723300,1422.91
0,-542.4,7.08113e-24,0.00463727,408363,724043,1306.87
0,-541.2,6.72783e-24,0.00473547,409307,724784,1168.32
0,-540,6.32574e-24,0.00483375,410264,725522,1007.26
0,-538.8,5.87485e-24,0.00493211,411232,726259,823.69
0,-537.6,5.37517e-24,0.00503056,412213,726993,617.605
0,-536.4,4.8267e-24,0.00512909,413206,727725,389.007
0,-535.2,4.22944e-24,0.00522771,414211,728455,137.898
0,-534,-8.91821e-20,0.0053264,415309,729844,-173.315
0,-532.8,5.48616e-24,0.00542527,416417,731239,-456.936
0,-531.6,6.04847e-24,0.0055243,417532,732624,-711.569
0,-530.4,6.55719e-24,0.0056235,418656,733999,-937.214
0,-529.2,9.04348e-20,0.00572287,419788,735365,-1133.87
0,-528,-9.07306e-20,0.0058224,420928,736722,-1301.54
0,-526.8,9.1056e-20,0.0059221,422076,738069,-1440.22
0,-525.6,8.05612e-24,0.00602197,423232,739406,-1549.91
0,-524.4,-9.16603e-20,0.00612201,424397,740734,-1630.61
0,-523.2,8.48404e-24,0.00622221,425569,742053,-1682.33
0,-522,8.61761e-24,0.00632258,426749,743362,-1705.06
0,-520.8,8.69758e-24,0.00642312,427938,744662,-1698.8
0,-519.6,-4.6446e-20,0.00652383,429134,745952,-1663.55
0,-518.4,8.69676e-24,0.0066247,430339,747232,-1599.31
0,-517.2,-4.67563e-20,0.00672574,431552,748503,-1506.09
0,-516,8.48157e-24,0.00682695,432772,749765,-1383.87
0,-514.8,8.29358e-24,0.00692833,434001,751017,-1232.67
0,-513.6,8.05201e-24,0.00702987,435238,752259,-1052.48
0,-512.4,-4.73776e-20,0.00713158,436483,753492,-843.303
0,-511.2,2.37776e-20,0.00723346,437736,754716,-605.137
0,-510,2.38548e-20,0.00733551,438997,755930,-337.983
0,-508.8,6.54978e-24,0.00743772,440267,757135,-41.8411
0,-507.6,-1.19954e-20,0.0075401,441544,758330,283.289
0,-506.4,3.61261e-20,0.00764265,442829,759515,637.408
0,-505.2,-6.03464e-21,0.00774537,444123,760691,1020.51
0,-504,4.95975e-24,0.0078481,445715,762280,1044.95
0,-502.8,1.25644e-19,0.00795093,447564,764229,760.269
0,-501.6,1.26326e-19,0.00805398,449418,766174,499.344
0,-500.4,6.89907e-24,0.00815727,451276,768117,262.177
0,-499.2,7.42806e-24,0.00826078,453140,770057,48.7687
0,-498,7.89834e-24,0.00836453,455008,771995,-140.881
0,-496.8,1.29053e-19,0.00846851,456881,773930,-306.772
0,-495.6,6.48716e-20,0.00857272,458759,775862,-448.905
0,-494.4,6.52126e-20,0.00867716,460642,777791,-567.278
0,-493.2,6.55535e-20,0.00878184,462530,779718,-661.894
0,-492,6.58943e-20,0.00888674,464423,781642,-732.75
0,-490.8,6.62351e-20,0.00899188,466320,783563,-779.848
0,-489.6,9.54606e-24,0.00909724,468223,785482,-803.188
0,-488.4,6.69165e-20,0.00920284,470130,787397,-802.769
0,-487.2,6.72571e-20,0.00930867,472043,789311,-778.591
0,-486,6.75977e-20,0.00941473,473960,791221,-730.655
0,-484.8,6.79382e-20,0.00952102,475882,793129,-658.96
0,-483.6,3.41438e-20,0.00962754,477809,795034,-563.507
0,-482.4,3.43138e-20,0.0097343,479741,796936,-444.294
0,-481.2,6.89593e-20,0.00984128,481678,798836,-301.324
0,-480,6.92996e-20,0.0099485,483620,800733,-134.595
0,-478.8,6.96398e-20,0.0100559,485566,802627,55.8934
0,-477.6,8.74731e-20,0.0101636,487518,804519,270.14
0,-476.4,5.27416e-20,0.0102715,489474,806408,508.145
0,-475.2,6.18282e-20,0.0103797,491435,808294,769.909
0,-474,5.12512e-24,0.010488,493461,810254,1005.44
0,-472.8,5.95072e-24,0.0105966,496049,812934,780.773
0,-471.6,6.71049e-24,0.0107055,498637,815614,556.109
0,-470.4,7.40443e-24,0.0108147,501225,818294,331.444
0,-469.2,8.03255e-24,0.0109242,503813,820975,106.78
0,-468,8.59485e-24,0.011034,506401,823655,-117.884
0,-466.8,9.09132e-24,0.0111442,508989,826335,-342.549
0,-465.6,9.52197e-24,0.0112547,511577,829015,-567.213
0,-464.4,9.8868e-24,0.0113655,514165,831696,-791.878
0,-463.2,1.01858e-23,0.0114766,516753,834376,-1016.54
0,-462,1.0419e-23,0.0115881,519342,837056,-1241.21
0,-460.8,1.05863e-23,0.0116998,521930,839736,-1465.87
0,-459.6,1.06878e-23,0.0118119,524518,842417,-1690.54
0,-458.4,1.07235e-23,0.0119243,527106,845097,-1915.2
0,-457.2,1.06934e-23,0.012037,529694,847777,-2139.86
0,-456,1.05975e-23,0.0121501,532282,850457,-2364.53
0,-454.8,1.04357e-23,0.0122635,534870,853138,-2589.19
0,-453.6,1.02081e-23,0.0123772,537458,855818,-2813.86
0,-452.4,9.91469e-24,0.0124912,540046,858498,-3038.52
0,-451.2,9.55544e-24,0.0126055,542634,861178,-3263.19
0,-450,9.13037e-24,0.0127201,545222,863859,-3487.85
0,-448.8,8.63948e-24,0.0128351,547810,866539,-3712.52
0,-447.6,8.08276e-24,0.0129504,550398,869219,-3937.18
0,-446.4,7.46022e-24,0.013066,552986,871899,-4161.84
0,-445.2,6.77185e-24,0.013182,555574,874580,-4386.51
0,-444,6.01766e-24,0.0132982,558162,877260,-4611.17
0,-442.8,-1.1073e-19,0.0134147,561475,880488,-4515.04
0,-441.6,7.29577e-24,0.0135314,565172,884007,-4250.99
0,-440.4,8.13401e-24,0.0136486,568870,887530,-3988.34
0,-439.2,1.13343e-19,0.0137662,572569,891056,-3727.11
0,-438,9.58301e-24,0.0138843,576271,894584,-3467.29
0,-436.8,-1.15056e-19,0.0140028,579974,898117,-3208.88
0,-435.6,1.07287e-23,0.0141217,583678,901652,-2951.88
0,-434.4,1.1681e-19,0.014241,587385,905190,-2696.3
0,-433.2,1.15711e-23,0.0143608,591093,908732,-2442.12
0,-432,1.18786e-23,0.0144811,594802,912277,-2189.36
0,-430.8,1.21102e-23,0.0146017,598513,915825,-1938.01
0,-429.6,1.2266e-23,0.0147228,602226,919376,-1688.07
0,-428.4,1.2346e-23,0.0148443,605941,922930,-1439.55
0,-427.2,1.23502e-23,0.0149663,609657,926487,-1192.43
0,-426,1.22785e-23,0.0150887,613375,930048,-946.733
0,-424.8,1.2131e-23,0.0152115,617094,933612,-702.443
0,-423.6,-6.22847e-20,0.0153348,620816,937179,-459.566
0,-422.4,-6.2718e-20,0.0154584,624538,940749,-218.1
0,-421.2,-6.31514e-20,0.0155826,628263,944322,21.9541
0,-420,3.18086e-20,0.0157071,631989,947899,260.596
0,-418.8,1.02562e-23,0.0158321,635717,951478,497.826
0,-417.6,6.44714e-20,0.0159575,639446,955061,733.644
0,-416.4,-4.86621e-20,0.0160834,643177,958647,968.05
0,-415.2,-6.53196e-20,0.0162097,646910,962236,1201.04
0,-414,3.28878e-20,0.0163364,650644,965828,1432.63
0,-412.8,6.93722e-24,0.0164635,654615,969696,1537.63
0,-411.6,8.06056e-24,0.016591,659448,974564,1181.49
0,-410.4,9.09459e-24,0.0167191,664281,979432,825.353
0,-409.2,1.00393e-23,0.0168477,669114,984301,469.216
0,-408,1.08947e-23,0.0169769,673947,989169,113.08
0,-406.8,1.16608e-23,0.0171067,678780,994037,-243.056
0,-405.6,1.23376e-23,0.0172371,683613,998905,-599.193
0,-404.4,1.2925e-23,0.0173681,688446,1.00377e+06,-955.329
0,-403.2,1.34232e-23,0.0174996,693279,1.00864e+06,-1311.47
0,-402,1.3832e-23,0.0176317,698112,1.01351e+06,-1667.6
0,-400.8,1.41515e-23,0.0177644,702945,1.01838e+06,-2023.74
0,-399.6,1.43817e-23,0.0178976,707778,1.02325e+06,-2379.87
0,-398.4,1.45226e-23,0.0180315,712611,1.02812e+06,-2736.01
0,-397.2,1.45741e-23,0.0181659,717444,1.03298e+06,-3092.15
0,-396,1.45364e-23,0.0183009,722277,1.03785e+06,-3448.28
0,-394.8,1.44093e-23,0.0184365,727110,1.04272e+06,-3804.42
0,-393.6,1.41929e-23,0.0185726,731943,1.04759e+06,-4160.56
0,-392.4,1.38872e-23,0.0187094,736776,1.05246e+06,-4516.69
0,-391.2,1.34922e-23,0.0188467,741609,1.05732e+06,-4872.83
0,-390,1.30079e-23,0.0189846,746442,1.06219e+06,-5228.97
0,-388.8,1.24343e-23,0.019123,751275,1.06706e+06,-5585.1
0,-387.6,1.17713e-23,0.0192621,756108,1.07193e+06,-5941.24
0,-386.4,1.1019e-23,0.0194017,760941,1.0768e+06,-6297.38
0,-385.2,1.01774e-23,0.0195419,765774,1.08167e+06,-6653.51
0,-384,9.24654e-24,0.0196827,770607,1.08653e+06,-7009.65
0,-382.8,8.22633e-24,0.019824,775440,1.0914e+06,-7365.78
0,-381.6,-2.8773e-19,0.019967,781233,1.09837e+06,-6726.45
0,-380.4,1.03368e-23,0.0201112,787349,1.10591e+06,-5894.62
0,-379.2,1.15181e-23,0.0202561,793510,1.11341e+06,-5176.27
0,-378,-2.96767e-19,0.0204019,799716,1.12086e+06,-4571.4
0,-376.8,1.35618e-23,0.0205484,805967,1.12828e+06,-4080.01
0,-375.6,1.44242e-23,0.0206958,812263,1.13565e+06,-3702.1
0,-374.4,3.05834e-19,0.0208439,818605,1.14299e+06,-3437.68
0,-373.2,-3.08816e-19,0.0209929,824991,1.15028e+06,-3286.74
0,-372,1.63737e-23,0.0211426,831422,1.15753e+06,-3249.28
0,-370.8,1.68109e-23,0.0212931,837899,1.16473e+06,-3325.3
0,-369.6,1.71419e-23,0.0214445,844421,1.1719e+06,-3514.81
0,-368.4,1.73666e-23,0.0215966,850987,1.17902e+06,-3817.79
0,-367.2,1.61967e-19,0.0217496,857599,1.1861e+06,-4234.26
0,-366,1.74971e-23,0.0219033,864256,1.19314e+06,-4764.21
0,-364.8,1.7403e-23,0.0220578,870958,1.20013e+06,-5407.64
0,-363.6,-1.66452e-19,0.0222132,877705,1.20709e+06,-6164.55
0,-362.4,1.68958e-23,0.0223693,884497,1.214e+06,-7034.94
0,-361.2,1.69499e-19,0.0225263,891334,1.22087e+06,-8018.82
0,-360,1.59635e-23,0.022684,898216,1.2277e+06,-9116.18
0,-358.8,8.62631e-20,0.0228425,905143,1.23449e+06,-10327
0,-357.6,-8.69865e-20,0.0230019,912116,1.24123e+06,-11651.3
0,-356.4,1.37678e-23,0.023162,919133,1.24794e+06,-13089.1
0,-355.2,-1.32749e-19,0.0233229,926195,1.2546e+06,-14640.4
0,-354,4.46423e-20,0.0234847,933303,1.26122e+06,-16305.2
0,-352.8,1.12529e-19,0.0236472,940456,1.26779e+06,-18083.4
0,-351.6,1.03686e-23,0.0238098,948312,1.27433e+06,-19069.8
0,-350.4,1.20475e-23,0.0239718,957560,1.28109e+06,-18270.2
0,-349.2,1.35934e-23,0.0241351,966878,1.28824e+06,-17474
0,-348,1.50062e-23,0.0242996,976267,1.29576e+06,-16681.4
0,-346.8,1.6286e-23,0.0244653,985727,1.30366e+06,-15892.2
0,-345.6,1.74328e-23,0.0246322,995257,1.31193e+06,-15106.6
0,-344.4,1.84466e-23,0.0248003,1.00486e+06,1.32059e+06,-14324.5
0,-343.2,1.93273e-23,0.0249696,1.01453e+06,1.32962e+06,-13545.8
0,-342,2.0075e-23,0.0251402,1.02427e+06,1.33903e+06,-12770.7
0,-340.8,2.06897e-23,0.0253119,1.03409e+06,1.34882e+06,-11999.2
0,-339.6,2.11713e-23,0.0254848,1.04397e+06,1.35898e+06,-11231.1
0,-338.4,2.15199e-23,0.0256589,1.05393e+06,1.36953e+06,-10466.5
0,-337.2,2.17355e-23,0.0258343,1.06395e+06,1.38045e+06,-9705.45
0,-336,2.18181e-23,0.0260108,1.07405e+06,1.39174e+06,-8947.9
0,-334.8,2.17676e-23,0.0261885,1.08422e+06,1.40342e+06,-8193.86
0,-333.6,2.15841e-23,0.0263675,1.09445e+06,1.41547e+06,-7443.33
0,-332.4,2.12675e-23,0.0265476,1.10476e+06,1.4279e+06,-6696.31
0,-331.2,2.0818e-23,0.026729,1.11514e+06,1.44071e+06,-5952.8
0,-330,2.02354e-23,0.0269115,1.12559e+06,1.45389e+06,-5212.81
0,-328.8,1.95198e-23,0.0270953,1.13611e+06,1.46746e+06,-4476.32
0,-327.6,1.86711e-23,0.0272803,1.1467e+06,1.4814e+06,-3743.34
0,-326.4,1.76894e-23,0.0274664,1.15737e+06,1.49572e+06,-3013.87
0,-325.2,1.65747e-23,0.0276538,1.1681e+06,1.51041e+06,-2287.92
0,-324,1.5327e-23,0.0278424,1.1789e+06,1.52548e+06,-1565.47
0,-322.8,1.39462e-23,0.0280322,1.18978e+06,1.54093e+06,-846.536
0,-321.6,1.24324e-23,0.0282232,1.20072e+06,1.55676e+06,-131.111
0,-320.4,1.42435e-23,0.0284148,1.21251e+06,1.56339e+06,-1360.13
0,-319.2,1.6313e-23,0.0286079,1.22457e+06,1.56959e+06,-2703.72
0,-318,1.82125e-23,0.0288028,1.23681e+06,1.57656e+06,-3915.25
0,-316.8,1.99422e-23,0.0289993,1.24924e+06,1.58432e+06,-4994.72
0,-315.6,2.1502e-23,0.0291976,1.26185e+06,1.59285e+06,-5942.13
0,-314.4,2.28919e-23,0.0293975,1.27465e+06,1.60216e+06,-6757.47
0,-313.2,2.4112e-23,0.029599,1.28763e+06,1.61224e+06,-7440.74
0,-312,2.51621e-23,0.0298023,1.30079e+06,1.62311e+06,-7991.96
0,-310.8,2.60424e-23,0.0300073,1.31414e+06,1.63475e+06,-8411.11
0,-309.6,2.67527e-23,0.0302139,1.32767e+06,1.64716e+06,-8698.19
0,-308.4,2.72932e-23,0.0304222,1.34138e+06,1.66036e+06,-8853.22
0,-307.2,2.76638e-23,0.0306322,1.35528e+06,1.67433e+06,-8876.17
0,-306,2.78646e-23,0.0308438,1.36936e+06,1.68908e+06,-8767.07
0,-304.8,2.78954e-23,0.0310572,1.38363e+06,1.7046e+06,-8525.9
0,-303.6,2.77564e-23,0.0312722,1.39808e+06,1.72091e+06,-8152.67
0,-302.4,2.74474e-23,0.0314889,1.41271e+06,1.73799e+06,-7647.37
0,-301.2,2.69686e-23,0.0317073,1.42753e+06,1.75585e+06,-7010.02
0,-300,2.63199e-23,0.0319273,1.44253e+06,1.77448e+06,-6240.59
0,-298.8,2.55014e-23,0.0321491,1.45771e+06,1.79389e+06,-5339.11
0,-297.6,2.45129e-23,0.0323725,1.47308e+06,1.81408e+06,-4305.56
0,-296.4,2.33546e-23,0.0325976,1.48863e+06,1.83505e+06,-3139.94
0,-295.2,2.20263e-23,0.0328244,1.50437e+06,1.85679e+06,-1842.27
0,-294,2.05282e-23,0.0330529,1.52029e+06,1.87931e+06,-412.524
0,-292.8,1.88602e-23,0.033283,1.53639e+06,1.90261e+06,1149.28
0,-291.6,1.70224e-23,0.0335148,1.55268e+06,1.92668e+06,2843.15
0,-290.4,3.56122e-19,0.033748,1.57057e+06,1.9463e+06,1855.59
0,-289.2,2.01666e-23,0.0339833,1.59029e+06,1.95999e+06,-2228.17
0,-288,3.66645e-19,0.0342212,1.61006e+06,1.97408e+06,-5872.91
0,-286.8,3.71906e-19,0.0344617,1.62986e+06,1.98859e+06,-9078.63
0,-285.6,2.74238e-23,0.0347049,1.6497e+06,2.0035e+06,-11845.3
0,-284.4,2.9394e-23,0.0349508,1.66958e+06,2.01881e+06,-14173
0,-283.2,-3.87626e-19,0.0351993,1.6895e+06,2.03453e+06,-16061.7
0,-282,3.26611e-23,0.0354504,1.70947e+06,2.05066e+06,-17511.4
0,-280.8,-3.98141e-19,0.0357043,1.72947e+06,2.06719e+06,-18522
0,-279.6,3.50303e-23,0.0359607,1.74951e+06,2.08413e+06,-19093.7
0,-278.4,-4.08657e-19,0.0362198,1.7696e+06,2.10148e+06,-19226.3
0,-277.2,3.65017e-23,0.0364816,1.78972e+06,2.11923e+06,-18919.9
0,-276,3.69007e-23,0.036746,1.80989e+06,2.13738e+06,-18174.5
0,-274.8,3.70753e-23,0.0370131,1.83009e+06,2.15594e+06,-16990.1
0,-273.6,-2.14827e-19,0.0372828,1.85034e+06,2.17491e+06,-15366.7
0,-272.4,2.1753e-19,0.0375552,1.87063e+06,2.19429e+06,-13304.2
0,-271.2,-2.20087e-19,0.0378302,1.89095e+06,2.21407e+06,-10802.8
0,-270,2.22788e-19,0.0381079,1.91132e+06,2.23425e+06,-7862.29
0,-268.8,3.45815e-23,0.0383882,1.93173e+06,2.25484e+06,-4482.8
0,-267.6,3.34093e-23,0.0386712,1.95218e+06,2.27584e+06,-664.295
0,-266.4,-1.15288e-19,0.0389569,1.97266e+06,2.29724e+06,3593.22
0,-265.2,2.333e-19,0.0392451,1.99319e+06,2.31905e+06,8289.75
0,-264,1.17978e-19,0.0395361,2.01376e+06,2.34127e+06,13425.3
0,-262.8,2.64763e-23,0.0398297,2.03437e+06,2.36389e+06,18999.9
0,-261.6,-1.20555e-19,0.0401259,2.05502e+06,2.38692e+06,25013.4
0,-260.4,2.17191e-23,0.0404248,2.07583e+06,2.41037e+06,31340.5
0,-259.2,2.59232e-23,0.0407255,2.11139e+06,2.43736e+06,22626.6
0,-258,2.98148e-23,0.0410308,2.14728e+06,2.46622e+06,14519.4
0,-256.8,3.3394e-23,0.0413405,2.1835e+06,2.49694e+06,7018.81
0,-255.6,3.66606e-23,0.0416548,2.22005e+06,2.52952e+06,124.831
0,-254.4,3.96148e-23,0.0419735,2.25693e+06,2.56396e+06,-6162.52
0,-253.2,4.22565e-23,0.0422968,2.29413e+06,2.60026e+06,-11843.3
0,-252,4.45857e-23,0.0426245,2.33167e+06,2.63843e+06,-16917.4
0,-250.8,4.66025e-23,0.0429568,2.36953e+06,2.67846e+06,-21384.9
0,-249.6,4.83067e-23,0.0432935,2.40772e+06,2.72034e+06,-25245.7
0,-248.4,4.96985e-23,0.0436348,2.44624e+06,2.7641e+06,-28500
0,-247.2,5.07778e-23,0.0439805,2.48509e+06,2.80971e+06,-31147.6
0,-246,5.15446e-23,0.0443308,2.52427e+06,2.85718e+06,-33188.6
0,-244.8,5.1999e-23,0.0446855,2.56377e+06,2.90652e+06,-34623
0,-243.6,5.21408e-23,0.0450448,2.60361e+06,2.95772e+06,-35450.8
0,-242.4,5.19702e-23,0.0454085,2.64377e+06,3.01078e+06,-35671.9
0,-241.2,5.14871e-23,0.0457768,2.68426e+06,3.06571e+06,-35286.5
0,-240,5.06915e-23,0.0461495,2.72509e+06,3.12249e+06,-34294.4
0,-238.8,4.95834e-23,0.0465268,2.76623e+06,3.18114e+06,-32695.7
0,-237.6,4.81628e-23,0.0469086,2.80771e+06,3.24165e+06,-30490.3
0,-236.4,4.64298e-23,0.0472948,2.84952e+06,3.30402e+06,-27678.4
0,-235.2,4.43843e-23,0.0476856,2.89166e+06,3.36825e+06,-24259.8
0,-234,4.20263e-23,0.0480808,2.93412e+06,3.43434e+06,-20234.6
0,-232.8,3.93558e-23,0.0484806,2.97691e+06,3.5023e+06,-15602.8
0,-231.6,3.63728e-23,0.0488848,3.02003e+06,3.57212e+06,-10364.4
0,-230.4,3.30774e-23,0.0492936,3.06348e+06,3.6438e+06,-4519.3
0,-229.2,3.54673e-23,0.0497026,3.1228e+06,3.69647e+06,-13419.4
0,-228,4.19788e-23,0.0501165,3.19382e+06,3.73503e+06,-32171.8
0,-226.8,4.7988e-23,0.0505395,3.26456e+06,3.7754e+06,-48694.8
0,-225.6,5.34949e-23,0.0509716,3.33499e+06,3.8176e+06,-62988.5
0,-224.4,5.84995e-23,0.0514129,3.40514e+06,3.86161e+06,-75052.9
0,-223.2,6.30017e-23,0.0518633,3.47499e+06,3.90744e+06,-84887.9
0,-222,6.70017e-23,0.0523228,3.54454e+06,3.95509e+06,-92493.6
0,-220.8,7.04993e-23,0.0527914,3.61381e+06,4.00456e+06,-97870
0,-219.6,7.34947e-23,0.0532692,3.68277e+06,4.05585e+06,-101017
0,-218.4,-7.72145e-19,0.0537561,3.75145e+06,4.10896e+06,-101935
0,-217.2,7.79784e-23,0.0542522,3.81983e+06,4.16388e+06,-100623
0,-216,7.94668e-23,0.0547573,3.88791e+06,4.22063e+06,-97082.4
0,-214.8,-8.22071e-19,0.0552716,3.9557e+06,4.2792e+06,-91312.2
0,-213.6,8.09366e-23,0.0557951,4.0232e+06,4.33958e+06,-83312.6
0,-212.4,-4.27638e-19,0.0563276,4.0904e+06,4.40179e+06,-73083.8
0,-211.2,-4.35961e-19,0.0568693,4.15731e+06,4.46581e+06,-60625.6
0,-210,7.93741e-23,0.0574201,4.22393e+06,4.53165e+06,-45938.1
0,-208.8,-4.52607e-19,0.0579801,4.29025e+06,4.59931e+06,-29021.2
0,-207.6,4.61082e-19,0.0585492,4.35628e+06,4.66879e+06,-9875.08
0,-206.4,7.32907e-23,0.0591274,4.42201e+06,4.74009e+06,11500.4
0,-205.2,-2.38755e-19,0.0597147,4.48745e+06,4.81321e+06,35105.2
0,-204,4.86038e-19,0.0603112,4.55259e+06,4.88815e+06,60939.4
0,-202.8,6.26866e-23,0.0609168,4.61744e+06,4.96491e+06,89002.8
0,-201.6,-3.76903e-19,0.0615315,4.682e+06,5.04348e+06,119296
0,-200.4,1.91654e-19,0.0621553,4.74626e+06,5.12388e+06,151818
0,-199.2,7.02225e-11,0.0627877,4.8565e+06,5.26614e+06,129460
0,-198,6.57243e-10,0.0634353,5.26585e+06,5.79198e+06,-251798
0,-196.8,1.29488e-09,0.0641101,5.63533e+06,6.25605e+06,-566878
0,-195.6,1.98314e-09,0.0648122,5.96491e+06,6.65835e+06,-815781
0,-194.4,2.72201e-09,0.0655416,6.2546e+06,6.99888e+06,-998508
0,-193.2,3.5115e-09,0.0662983,6.50441e+06,7.27763e+06,-1.11506e+06
0,-192,4.35161e-09,0.0670823,6.71433e+06,7.49461e+06,-1.16543e+06
0,-190.8,5.24233e-09,0.0678936,6.88436e+06,7.64981e+06,-1.14962e+06
0,-189.6,6.18367e-09,0.0687322,7.0145e+06,7.74325e+06,-1.06764e+06
0,-188.4,7.17563e-09,0.069598,7.10475e+06,7.77491e+06,-919481
0,-187.2,8.21821e-09,0.0704912,7.15512e+06,7.7448e+06,-705144
0,-186,9.3114e-09,0.0714116,7.1656e+06,7.65292e+06,-424630
0,-184.8,1.04552e-08,0.0723593,7.13619e+06,7.49926e+06,-77939.1
0,-183.6,1.16496e-08,0.0733344,7.06689e+06,7.28383e+06,334929
0,-182.4,1.28947e-08,0.0743367,6.9577e+06,7.00663e+06,813974
0,-181.2,1.41904e-08,0.0753663,6.80863e+06,6.66766e+06,1.3592e+06
0,-180,1.55366e-08,0.0764232,6.61966e+06,6.26691e+06,1.9706e+06
0,-178.8,1.69335e-08,0.0775074,6.39081e+06,5.80439e+06,2.64817e+06
0,-177.6,1.8381e-08,0.0786188,6.12207e+06,5.2801e+06,3.39193e+06
0,-176.4,1.98792e-08,0.0797576,5.81345e+06,4.69404e+06,4.20186e+06
0,-175.2,2.14279e-08,0.0809237,5.46493e+06,4.0462e+06,5.07797e+06
0,-174,2.30273e-08,0.082117,5.07653e+06,3.33659e+06,6.02025e+06
0,-172.8,1.50857e-08,0.0830803,5.2816e+06,3.42522e+06,6.45287e+06
0,-171.6,1.83103e-08,0.0835605,7.14895e+06,5.76818e+06,5.3851e+06
0,-170.4,2.10209e-08,0.0843367,9.01631e+06,8.11114e+06,4.31732e+06
0,-169.2,2.32175e-08,0.085409,1.08837e+07,1.04541e+07,3.24955e+06
0,-168,2.49001e-08,0.0867774,1.2751e+07,1.27971e+07,2.18178e+06
0,-166.8,2.60687e-08,0.0884419,1.46184e+07,1.514e+07,1.114e+06
0,-165.6,2.67233e-08,0.0904024,1.64857e+07,1.7483e+07,46229.5
0,-164.4,2.68639e-08,0.092659,1.83531e+07,1.98259e+07,-1.02154e+06
0,-163.2,2.64905e-08,0.0952117,2.02204e+07,2.21689e+07,-2.08932e+06
0,-162,2.56031e-08,0.0980604,2.20878e+07,2.45119e+07,-3.15709e+06
0,-160.8,2.42017e-08,0.101205,2.39552e+07,2.68548e+07,-4.22486e+06
0,-159.6,2.22863e-08,0.104646,2.58225e+07,2.91978e+07,-5.29264e+06
0,-158.4,1.98569e-08,0.108383,2.76899e+07,3.15407e+07,-6.36041e+06
0,-157.2,1.69135e-08,0.112416,2.95572e+07,3.38837e+07,-7.42818e+06
0,-156,1.34561e-08,0.116745,3.14246e+07,3.62267e+07,-8.49596e+06
0,-154.8,9.48475e-09,0.12137,3.32919e+07,3.85696e+07,-9.56373e+06
0,-153.6,4.99938e-09,0.126291,3.51593e+07,4.09126e+07,-1.06315e+07
0,-152.4,-1.0602e-18,0.131509,3.70266e+07,4.32555e+07,-1.16993e+07
0,-151.2,0.032888,0.133886,7.76775e+07,3.90744e+07,3.84098e+07
0,-150,0.0569756,0.137605,-723819,1.23803e+07,1.28639e+07
0,-148.8,0.0750381,0.139069,-7.13554e+06,2.8148e+06,6.4968e+06
0,-147.6,0.090269,0.139212,-8.67923e+06,-4.39514e+06,2.01689e+06
0,-146.4,0.102727,0.138246,-9.9183e+06,-9.17314e+06,-1.53941e+06
0,-145.2,0.113707,0.137169,-1.08335e+07,-9.92854e+06,-1.81858e+06
0,-144,0.123759,0.136027,-1.11886e+07,-1.01446e+07,-1.76614e+06
0,-142.8,0.132884,0.134819,-1.09836e+07,-9.82131e+06,-1.38212e+06
0,-141.6,0.141107,0.133591,-1.04131e+07,-9.21545e+06,-825061
0,-140.4,0.148856,0.132536,-1.04777e+07,-9.50228e+06,-835290
0,-139.2,0.156241,0.131449,-1.0482e+07,-9.66348e+06,-794026
0,-138,0.163262,0.130331,-1.04261e+07,-9.69904e+06,-701267
0,-136.8,0.169917,0.129182,-1.031e+07,-9.60897e+06,-557016
0,-135.6,0.176208,0.128002,-1.01336e+07,-9.39325e+06,-361271
0,-134.4,0.18221,0.126899,-1.01256e+07,-9.45089e+06,-333654
0,-133.2,0.188017,0.125804,-1.01509e+07,-9.55948e+06,-339513
0,-132,0.193626,0.124695,-1.01602e+07,-9.63399e+06,-330752
0,-130.8,0.199037,0.123571,-1.01533e+07,-9.67441e+06,-307372
0,-129.6,0.20425,0.122433,-1.01304e+07,-9.68075e+06,-269372
0,-128.4,0.209266,0.12128,-1.00914e+07,-9.65301e+06,-216752
0,-127.2,0.214088,0.120126,-1.00516e+07,-9.61477e+06,-166290
0,-126,0.218777,0.119017,-1.00629e+07,-9.64943e+06,-173784
0,-124.8,0.223342,0.1179,-1.00688e+07,-9.67197e+06,-176435
0,-123.6,0.227785,0.116777,-1.00693e+07,-9.6824e+06,-174243
0,-122.4,0.232104,0.115647,-1.00645e+07,-9.68071e+06,-167207
0,-121.2,0.236301,0.114511,-1.00543e+07,-9.6669e+06,-155329
0,-120,0.240374,0.113368,-1.00387e+07,-9.64097e+06,-138606
0,-118.8,0.244325,0.112218,-1.00177e+07,-9.60293e+06,-117041
0,-117.6,0.248162,0.111079,-1.00056e+07,-9.58554e+06,-102032
0,-116.4,0.251916,0.109959,-1.00114e+07,-9.60915e+06,-101108
0,-115.2,0.255588,0.108836,-1.00171e+07,-9.63277e+06,-100183
0,-114,0.259176,0.107709,-1.00229e+07,-9.65638e+06,-99258.8
0,-112.8,0.262681,0.106579,-1.00287e+07,-9.68e+06,-98334.4
0,-111.6,0.266103,0.105445,-1.00344e+07,-9.70361e+06,-97410
0,-110.4,0.269441,0.104308,-1.00402e+07,-9.72723e+06,-96485.6
0,-109.2,0.272697,0.103167,-1.0046e+07,-9.75084e+06,-95561.2
0,-108,0.275869,0.102023,-1.00517e+07,-9.77446e+06,-94636.8
0,-106.8,0.278967,0.10089,-1.00482e+07,-9.76544e+06,-89859.2
0,-105.6,0.282008,0.0997651,-1.00384e+07,-9.73597e+06,-82546.5
0,-104.4,0.284987,0.0986385,-1.003e+07,-9.71246e+06,-75788.8
0,-103.2,0.287906,0.0975097,-1.00229e+07,-9.69494e+06,-69586
0,-102,0.290765,0.0963789,-1.0017e+07,-9.68338e+06,-63938.2
0,-100.8,0.293562,0.0952459,-1.00125e+07,-9.67781e+06,-58845.3
0,-99.6,0.296299,0.0941109,-1.00093e+07,-9.67821e+06,-54307.4
0,-98.4,0.298975,0.0929738,-1.00073e+07,-9.68458e+06,-50324.4
0,-97.2,0.301591,0.0918345,-1.00067e+07,-9.69693e+06,-46896.4
0,-96,0.304146,0.0906932,-1.00073e+07,-9.71525e+06,-44023.3
0,-94.8,0.306648,0.0895619,-1.00082e+07,-9.71263e+06,-44078.9
0,-93.6,0.309105,0.088434,-1.00086e+07,-9.70224e+06,-44709.4
0,-92.4,0.311515,0.0873048,-1.00089e+07,-9.694e+06,-44847.4
0,-91.2,0.313879,0.0861744,-1.0009e+07,-9.68791e+06,-44492.6
0,-90,0.316195,0.0850427,-1.00089e+07,-9.68396e+06,-43645.2
0,-88.8,0.318465,0.0839097,-1.00087e+07,-9.68216e+06,-42305.1
0,-87.6,0.320688,0.0827754,-1.00083e+07,-9.68251e+06,-40472.3
0,-86.4,0.322864,0.0816399,-1.00077e+07,-9.68501e+06,-38146.9
0,-85.2,0.324993,0.0805031,-1.00069e+07,-9.68965e+06,-35328.8
0,-84,0.327076,0.079365,-1.0006e+07,-9.69644e+06,-32018.1
0,-82.8,0.329111,0.0782257,-1.00049e+07,-9.70537e+06,-28214.7
0,-81.6,0.331109,0.0770967,-1.00044e+07,-9.69745e+06,-28320.6
0,-80.4,0.333068,0.0759669,-1.00042e+07,-9.69118e+06,-28372.4
0,-79.2,0.334989,0.0748363,-1.00043e+07,-9.68657e+06,-28367
0,-78,0.336872,0.0737049,-1.00046e+07,-9.68364e+06,-28304.4
0,-76.8,0.338717,0.0725726,-1.00051e+07,-9.68237e+06,-28184.6
0,-75.6,0.340524,0.0714396,-1.0006e+07,-9.68276e+06,-28007.7
0,-74.4,0.342293,0.0703057,-1.00071e+07,-9.68483e+06,-27773.6
0,-73.2,0.344024,0.069171,-1.00084e+07,-9.68856e+06,-27482.3
0,-72,0.345717,0.0680355,-1.001e+07,-9.69395e+06,-27133.9
0,-70.8,0.347372,0.0668992,-1.00119e+07,-9.70102e+06,-26728.3
0,-69.6,0.348988,0.065762,-1.00141e+07,-9.70975e+06,-26265.5
0,-68.4,0.350569,0.0646281,-1.0014e+07,-9.71119e+06,-25281.9
0,-67.2,0.352119,0.0634972,-1.00117e+07,-9.7051e+06,-23905
0,-66,0.353635,0.0623659,-1.00096e+07,-9.69947e+06,-22593.6
0,-64.8,0.35512,0.061234,-1.00077e+07,-9.6943e+06,-21347.7
0,-63.6,0.356572,0.0601016,-1.00059e+07,-9.68959e+06,-20167.2
0,-62.4,0.357992,0.0589687,-1.00043e+07,-9.68534e+06,-19052.2
0,-61.2,0.359379,0.0578353,-1.00028e+07,-9.68156e+06,-18002.6
0,-60,0.360734,0.0567013,-1.00015e+07,-9.67823e+06,-17018.5
0,-58.8,0.362056,0.0555668,-1.00003e+07,-9.67537e+06,-16099.9
0,-57.6,0.363346,0.0544318,-9.99932e+06,-9.67297e+06,-15246.7
0,-56.4,0.364604,0.0532963,-9.99846e+06,-9.67103e+06,-14459
0,-55.2,0.365829,0.0521603,-9.99776e+06,-9.66956e+06,-13736.8
0,-54,0.367023,0.0510258,-9.99772e+06,-9.6698e+06,-13270
0,-52.8,0.368189,0.0498941,-9.99847e+06,-9.672e+06,-13099.8
0,-51.6,0.369327,0.0487621,-9.99922e+06,-9.67421e+06,-12929.6
0,-50.4,0.370435,0.0476297,-9.99998e+06,-9.67642e+06,-12759.4
0,-49.2,0.371515,0.0464971,-1.00007e+07,-9.67862e+06,-12589.2
0,-48,0.372567,0.0453641,-1.00015e+07,-9.68083e+06,-12419
0,-46.8,0.37359,0.0442308,-1.00022e+07,-9.68303e+06,-12248.8
0,-45.6,0.374584,0.0430972,-1.0003e+07,-9.68524e+06,-12078.6
0,-44.4,0.375549,0.0419632,-1.00037e+07,-9.68744e+06,-11908.4
0,-43.2,0.376486,0.040829,-1.00045e+07,-9.68965e+06,-11738.2
0,-42,0.377394,0.0396944,-1.00052e+07,-9.69186e+06,-11568
0,-40.8,0.378273,0.0385595,-1.0006e+07,-9.69406e+06,-11397.8
0,-39.6,0.379124,0.0374243,-1.00068e+07,-9.69627e+06,-11227.6
0,-38.4,0.379948,0.0362914,-1.0006e+07,-9.6941e+06,-10837.3
0,-37.2,0.380746,0.035159,-1.0005e+07,-9.69117e+06,-10382.4
0,-36,0.381518,0.0340264,-1.00041e+07,-9.68863e+06,-9918.92
0,-34.8,0.382264,0.0328936,-1.00033e+07,-9.68649e+06,-9446.75
0,-33.6,0.382983,0.0317607,-1.00026e+07,-9.68475e+06,-8965.94
0,-32.4,0.383676,0.0306275,-1.0002e+07,-9.68341e+06,-8476.49
0,-31.2,0.384343,0.0294941,-1.00015e+07,-9.68247e+06,-7978.4
0,-30,0.384983,0.0283605,-1.00011e+07,-9.68192e+06,-7471.66
0,-28.8,0.385597,0.0272267,-1.00008e+07,-9.68178e+06,-6956.28
0,-27.6,0.386185,0.0260927,-1.00007e+07,-9.68203e+06,-6432.26
0,-26.4,0.386746,0.0249585,-1.00006e+07,-9.68268e+06,-5899.59
0,-25.2,0.387282,0.0238241,-1.00007e+07,-9.68373e+06,-5358.29
0,-24,0.387791,0.0226895,-1.00009e+07,-9.68517e+06,-4808.34
0,-22.8,0.388274,0.0215564,-1.00011e+07,-9.68503e+06,-4807.94
0,-21.6,0.388733,0.0204235,-1.00013e+07,-9.68451e+06,-4872.48
0,-20.4,0.389167,0.0192905,-1.00014e+07,-9.68402e+06,-4876.78
0,-19.2,0.389576,0.0181574,-1.00015e+07,-9.68355e+06,-4820.83
0,-18,0.389961,0.0170243,-1.00016e+07,-9.68311e+06,-4704.62
0,-16.8,0.39032,0.015891,-1.00016e+07,-9.68269e+06,-4528.18
0,-15.6,0.390654,0.0147577,-1.00016e+07,-9.6823e+06,-4291.48
0,-14.4,0.390963,0.0136242,-1.00016e+07,-9.68193e+06,-3994.53
0,-13.2,0.391248,0.0124907,-1.00015e+07,-9.68159e+06,-3637.34
0,-12,0.391507,0.0113571,-1.00013e+07,-9.68127e+06,-3219.9
0,-10.8,0.391741,0.0102233,-1.00011e+07,-9.68098e+06,-2742.21
0,-9.6,0.391951,0.00908952,-1.00009e+07,-9.68072e+06,-2204.27
0,-8.4,0.392136,0.0079556,-1.00006e+07,-9.68048e+06,-1606.09
0,-7.2,0.392295,0.00682194,-1.00007e+07,-9.68081e+06,-1284.4
0,-6,0.392431,0.00568846,-1.00009e+07,-9.68142e+06,-1163.16
0,-4.8,0.392542,0.00455497,-1.0001e+07,-9.68197e+06,-1060.63
0,-3.6,0.392628,0.00342145,-1.00012e+07,-9.68246e+06,-976.807
0,-2.4,0.39269,0.00228792,-1.00013e+07,-9.68289e+06,-911.686
0,-1.2,0.392728,0.00115438,-1.00014e+07,-9.68327e+06,-865.269
0,0,0.39274,2.08148e-05,-1.00015e+07,-9.68359e+06,-837.557
0,1.2,0.392729,-0.00111276,-1.00016e+07,-9.68385e+06,-828.549
0,2.4,0.392693,-0.00224636,-1.00016e+07,-9.68405e+06,-838.246
0,3.6,0.392632,-0.00337997,-1.00016e+07,-9.6842e+06,-866.648
0,4.8,0.392547,-0.0045136,-1.00016e+07,-9.68429e+06,-913.754
0,6,0.392437,-0.00564724,-1.00015e+07,-9.68432e+06,-979.564
0,7.2,0.392303,-0.0067809,-1.00014e+07,-9.68429e+06,-1064.08
0,8.4,0.392144,-0.00791466,-1.00015e+07,-9.68403e+06,-667.549
0,9.6,0.39196,-0.00904851,-1.00017e+07,-9.68353e+06,492.705
0,10.8,0.391751,-0.0101823,-1.00019e+07,-9.68314e+06,1524.75
0,12,0.391517,-0.011316,-1.0002e+07,-9.68285e+06,2428.57
0,13.2,0.391259,-0.0124496,-1.00021e+07,-9.68268e+06,3204.18
0,14.4,0.390975,-0.0135831,-1.00021e+07,-9.68262e+06,3851.58
0,15.6,0.390667,-0.0147166,-1.00021e+07,-9.68267e+06,4370.77
0,16.8,0.390333,-0.01585,-1.00021e+07,-9.68283e+06,4761.74
0,18,0.389975,-0.0169833,-1.0002e+07,-9.6831e+06,5024.5
0,19.2,0.389591,-0.0181165,-1.00018e+07,-9.68348e+06,5159.05
0,20.4,0.389183,-0.0192497,-1.00016e+07,-9.68396e+06,5165.38
0,21.6,0.38875,-0.0203827,-1.00014e+07,-9.68456e+06,5043.5
0,22.8,0.388292,-0.0215157,-1.00011e+07,-9.68527e+06,4793.4
0,24,0.387809,-0.022649,-1.0001e+07,-9.68595e+06,4629.38
0,25.2,0.387301,-0.0237837,-1.00014e+07,-9.68593e+06,5360.83
0,26.4,0.386766,-0.0249182,-1.00016e+07,-9.68576e+06,6018.34
0,27.6,0.386206,-0.0260525,-1.00018e+07,-9.68544e+06,6601.91
0,28.8,0.385619,-0.0271865,-1.0002e+07,-9.68496e+06,7111.55
0,30,0.385005,-0.0283204,-1.0002e+07,-9.68433e+06,7547.24
0,31.2,0.384366,-0.0294541,-1.00019e+07,-9.68355e+06,7909.01
0,32.4,0.3837,-0.0305876,-1.00017e+07,-9.68261e+06,8196.83
0,33.6,0.383008,-0.0317208,-1.00014e+07,-9.68153e+06,8410.71
0,34.8,0.382289,-0.0328539,-1.0001e+07,-9.68029e+06,8550.66
0,36,0.381544,-0.0339868,-1.00005e+07,-9.67889e+06,8616.67
0,37.2,0.380773,-0.0351194,-9.99995e+06,-9.67735e+06,8608.74
0,38.4,0.379976,-0.0362519,-9.99928e+06,-9.67565e+06,8526.88
0,39.6,0.379153,-0.0373848,-9.99872e+06,-9.67427e+06,8520.01
0,40.8,0.378303,-0.0385201,-9.99899e+06,-9.67484e+06,9073.63
0,42,0.377424,-0.039655,-9.99937e+06,-9.67574e+06,9648.34
0,43.2,0.376517,-0.0407896,-9.99987e+06,-9.67697e+06,10244.1
0,44.4,0.375581,-0.0419239,-1.00005e+07,-9.67853e+06,10861
0,45.6,0.374616,-0.0430578,-1.00012e+07,-9.68042e+06,11499
0,46.8,0.373623,-0.0441915,-1.00021e+07,-9.68265e+06,12158
0,48,0.372601,-0.0453248,-1.0003e+07,-9.68519e+06,12838.1
0,49.2,0.371551,-0.0464578,-1.00041e+07,-9.68807e+06,13539.4
0,50.4,0.370472,-0.0475904,-1.00053e+07,-9.69128e+06,14261.7
0,51.6,0.369364,-0.0487228,-1.00067e+07,-9.69482e+06,15005
0,52.8,0.368227,-0.0498548,-1.00081e+07,-9.69869e+06,15769.5
0,54,0.367062,-0.0509865,-1.00096e+07,-9.70289e+06,16555.1
0,55.2,0.365869,-0.0521209,-1.00088e+07,-9.70024e+06,16773.2
0,56.4,0.364645,-0.0532569,-1.00067e+07,-9.69388e+06,16722.3
0,57.6,0.363388,-0.0543924,-1.0005e+07,-9.68898e+06,16834.8
0,58.8,0.362099,-0.0555274,-1.00039e+07,-9.68554e+06,17110.7
0,60,0.360778,-0.0566619,-1.00033e+07,-9.68354e+06,17550.1
0,61.2,0.359424,-0.0577958,-1.00033e+07,-9.683e+06,18152.8
0,62.4,0.358038,-0.0589293,-1.00037e+07,-9.68391e+06,18918.9
0,63.6,0.356619,-0.0600622,-1.00047e+07,-9.68628e+06,19848.5
0,64.8,0.355168,-0.0611946,-1.00062e+07,-9.69009e+06,20941.5
0,66,0.353685,-0.0623265,-1.00082e+07,-9.69536e+06,22197.9
0,67.2,0.352169,-0.0634579,-1.00107e+07,-9.70209e+06,23617.7
0,68.4,0.350621,-0.0645887,-1.00138e+07,-9.71026e+06,25200.9
0,69.6,0.349041,-0.0657227,-1.00143e+07,-9.71007e+06,26289.7
0,70.8,0.347426,-0.06686,-1.00119e+07,-9.70104e+06,26667.6
0,72,0.345773,-0.0679964,-1.00099e+07,-9.69388e+06,26987.5
0,73.2,0.344081,-0.069132,-1.00081e+07,-9.68859e+06,27249.6
0,74.4,0.342351,-0.0702669,-1.00066e+07,-9.68517e+06,27453.8
0,75.6,0.340584,-0.0714009,-1.00054e+07,-9.68362e+06,27600.2
0,76.8,0.338778,-0.0725342,-1.00044e+07,-9.68394e+06,27688.7
0,78,0.336934,-0.0736667,-1.00038e+07,-9.68613e+06,27719.3
0,79.2,0.335052,-0.0747983,-1.00035e+07,-9.69019e+06,27692.1
0,80.4,0.333132,-0.0759292,-1.00034e+07,-9.69612e+06,27607
0,81.6,0.331173,-0.0770593,-1.00037e+07,-9.70392e+06,27464.1
0,82.8,0.329177,-0.0781885,-1.00042e+07,-9.71358e+06,27265.7
0,84,0.327143,-0.0793276,-1.00065e+07,-9.70879e+06,30277.1
0,85.2,0.325062,-0.0804655,-1.00082e+07,-9.70351e+06,32947.7
0,86.4,0.322934,-0.0816021,-1.00092e+07,-9.69774e+06,35277.4
0,87.6,0.32076,-0.0827375,-1.00096e+07,-9.69149e+06,37266.2
0,88.8,0.318538,-0.0838716,-1.00093e+07,-9.68476e+06,38914.1
0,90,0.31627,-0.0850045,-1.00083e+07,-9.67754e+06,40221.1
0,91.2,0.313954,-0.0861362,-1.00067e+07,-9.66983e+06,41187.1
0,92.4,0.311592,-0.0872667,-1.00044e+07,-9.66164e+06,41812.3
0,93.6,0.309183,-0.088396,-1.00014e+07,-9.65297e+06,42096.6
0,94.8,0.306727,-0.089524,-9.99783e+06,-9.64381e+06,42040
0,96,0.304226,-0.0906553,-9.99555e+06,-9.63776e+06,42491.3
0,97.2,0.301673,-0.0917965,-9.99866e+06,-9.64241e+06,45393.8
0,98.4,0.299059,-0.0929357,-1.00025e+07,-9.64958e+06,48900.8
0,99.6,0.296385,-0.0940727,-1.0007e+07,-9.65928e+06,53012.3
0,100.8,0.29365,-0.0952077,-1.00123e+07,-9.67151e+06,57728.3
0,102,0.290854,-0.0963406,-1.00183e+07,-9.68626e+06,63048.8
0,103.2,0.287998,-0.0974714,-1.0025e+07,-9.70354e+06,68973.9
0,104.4,0.285081,-0.0986002,-1.00325e+07,-9.72334e+06,75503.5
0,105.6,0.282103,-0.0997268,-1.00406e+07,-9.74567e+06,82637.6
0,106.8,0.279065,-0.100851,-1.00495e+07,-9.77052e+06,90376.3
0,108,0.275968,-0.101985,-1.00478e+07,-9.76302e+06,92343.4
0,109.2,0.272798,-0.103129,-1.00353e+07,-9.72106e+06,88610.2
0,110.4,0.269545,-0.10427,-1.0028e+07,-9.69311e+06,88225.8
0,111.6,0.266208,-0.105407,-1.00258e+07,-9.67919e+06,91190.1
0,112.8,0.262788,-0.106541,-1.00289e+07,-9.6793e+06,97503.2
0,114,0.259285,-0.107671,-1.00371e+07,-9.69343e+06,107165
0,115.2,0.255699,-0.108797,-1.00506e+07,-9.72159e+06,120176
0,116.4,0.25203,-0.10992,-1.00692e+07,-9.76377e+06,136535
0,117.6,0.248277,-0.11104,-1.00931e+07,-9.81997e+06,156243
0,118.8,0.244443,-0.112178,-1.00981e+07,-9.82242e+06,165332
0,120,0.240496,-0.113327,-1.00865e+07,-9.77794e+06,164844
0,121.2,0.236427,-0.114469,-1.00749e+07,-9.73346e+06,164357
0,122.4,0.232235,-0.115604,-1.00634e+07,-9.68897e+06,163869
0,123.6,0.22792,-0.116733,-1.00518e+07,-9.64449e+06,163382
0,124.8,0.223482,-0.117855,-1.00402e+07,-9.6e+06,162894
0,126,0.218922,-0.118971,-1.00287e+07,-9.55552e+06,162407
0,127.2,0.21424,-0.12008,-1.00171e+07,-9.51104e+06,161919
0,128.4,0.20943,-0.121232,-1.00642e+07,-9.58746e+06,209351
0,129.6,0.204427,-0.122385,-1.01103e+07,-9.65687e+06,257971
0,130.8,0.199224,-0.123525,-1.01387e+07,-9.68467e+06,294516
0,132,0.193822,-0.124653,-1.01495e+07,-9.67088e+06,318984
0,133.2,0.188221,-0.125769,-1.01427e+07,-9.61548e+06,331376
0,134.4,0.18242,-0.126872,-1.01183e+07,-9.51848e+06,331692
0,135.6,0.176423,-0.127986,-1.00676e+07,-9.39847e+06,321923
0,136.8,0.170139,-0.129174,-1.00922e+07,-9.43146e+06,388034
0,138,0.163484,-0.130331,-1.03178e+07,-9.61697e+06,575620
0,139.2,0.156459,-0.131458,-1.07445e+07,-9.95499e+06,884681
0,140.4,0.149065,-0.132554,-1.13721e+07,-1.04455e+07,1.31522e+06
0,141.6,0.1413,-0.13362,-1.22007e+07,-1.10886e+07,1.86723e+06
0,142.8,0.133049,-0.134832,-1.18334e+07,-1.0629e+07,1.81742e+06
0,144,0.123939,-0.136,-1.1182e+07,-9.91188e+06,1.62214e+06
0,145.2,0.113951,-0.13708,-1.05307e+07,-9.19471e+06,1.42686e+06
0,146.4,0.103083,-0.138072,-9.87938e+06,-8.47754e+06,1.23159e+06
0,147.6,0.0908469,-0.138912,-8.83593e+06,-3.77092e+06,-2.14477e+06
0,148.8,0.0760046,-0.138667,-6.84962e+06,3.43136e+06,-6.3014e+06
0,150,0.0584545,-0.137191,-1.10442e+06,1.27539e+07,-1.24431e+07
0,151.2,0.0337212,-0.134276,5.96597e+07,3.28848e+07,-4.03747e+07
0,152.4,6.26479e-17,-0.131534,6.42095e+07,2.94952e+07,1.93868e+07
0,153.6,5.13447e-09,-0.126333,5.78742e+07,2.94624e+07,1.69965e+07
0,154.8,9.73333e-09,-0.121425,5.18934e+07,2.92441e+07,1.47156e+07
0,156,1.37966e-08,-0.116812,4.62669e+07,2.88403e+07,1.25443e+07
0,157.2,1.73242e-08,-0.112492,4.09947e+07,2.82509e+07,1.04825e+07
0,158.4,2.03162e-08,-0.108467,3.60769e+07,2.7476e+07,8.53014e+06
0,159.6,2.27727e-08,-0.104736,3.15135e+07,2.65155e+07,6.68731e+06
0,160.8,2.46934e-08,-0.101299,2.73044e+07,2.53695e+07,4.95398e+06
0,162,2.60786e-08,-0.0981556,2.34497e+07,2.4038e+07,3.33016e+06
0,163.2,2.69282e-08,-0.0953066,1.99493e+07,2.25209e+07,1.81584e+06
0,164.4,2.72422e-08,-0.0927516,1.68033e+07,2.08183e+07,411015
0,165.6,2.70205e-08,-0.0904907,1.40117e+07,1.89301e+07,-884306
0,166.8,2.62632e-08,-0.0885239,1.15744e+07,1.68564e+07,-2.07013e+06
0,168,2.49704e-08,-0.0868511,9.49153e+06,1.45971e+07,-3.14644e+06
0,169.2,2.31419e-08,-0.0854724,7.76297e+06,1.21523e+07,-4.11326e+06
0,170.4,2.07778e-08,-0.0843878,6.38878e+06,9.522e+06,-4.97058e+06
0,171.6,1.78781e-08,-0.0835972,5.36895e+06,6.70613e+06,-5.71839e+06
0,172.8,1.44427e-08,-0.0831007,4.70348e+06,3.70471e+06,-6.35671e+06
0,174,2.29678e-08,-0.0821274,4.88591e+06,3.33389e+06,-5.81392e+06
0,175.2,2.13676e-08,-0.0809285,5.27198e+06,3.96179e+06,-4.90385e+06
0,176.4,1.98184e-08,-0.0797586,5.62166e+06,4.54393e+06,-4.05466e+06
0,177.6,1.83202e-08,-0.0786177,5.93495e+06,5.08031e+06,-3.26636e+06
0,178.8,1.6873e-08,-0.0775059,6.21184e+06,5.57093e+06,-2.53895e+06
0,180,1.54768e-08,-0.0764231,6.45233e+06,6.01579e+06,-1.87241e+06
0,181.2,1.41315e-08,-0.0753693,6.65643e+06,6.41489e+06,-1.26677e+06
0,182.4,1.28372e-08,-0.0743446,6.82413e+06,6.76823e+06,-722006
0,183.6,1.15939e-08,-0.073349,6.95543e+06,7.07581e+06,-238129
0,184.8,1.04015e-08,-0.0723824,7.05034e+06,7.33763e+06,184864
0,186,9.26014e-09,-0.0714448,7.10886e+06,7.55369e+06,546971
0,187.2,8.16974e-09,-0.0705363,7.13098e+06,7.72399e+06,848194
0,188.4,7.13032e-09,-0.0696568,7.1167e+06,7.84853e+06,1.08853e+06
0,189.6,6.14187e-09,-0.0688064,7.06603e+06,7.92731e+06,1.26799e+06
0,190.8,5.2044e-09,-0.067985,6.97896e+06,7.96033e+06,1.38655e+06
0,192,4.3179e-09,-0.0671926,6.8555e+06,7.94759e+06,1.44424e+06
0,193.2,3.48238e-09,-0.0664293,6.69564e+06,7.88909e+06,1.44104e+06
0,194.4,2.69783e-09,-0.0656951,6.49939e+06,7.78483e+06,1.37695e+06
0,195.6,1.96426e-09,-0.0649898,6.26674e+06,7.63481e+06,1.25198e+06
0,196.8,1.28166e-09,-0.0643137,5.9977e+06,7.43902e+06,1.06612e+06
0,198,6.50042e-10,-0.0636665,5.69225e+06,7.19748e+06,819383
0,199.2,6.93957e-11,-0.0630484,5.35042e+06,6.91018e+06,511758
0,200.4,1.91623e-18,-0.0624158,5.19758e+06,6.64047e+06,450925
0,201.6,1.88136e-18,-0.0617863,5.07735e+06,6.38779e+06,430573
0,202.8,6.28243e-23,-0.0611651,4.95978e+06,6.14661e+06,410286
0,204,6.65668e-23,-0.060552,4.84486e+06,5.91695e+06,390064
0,205.2,6.98335e-23,-0.0599471,4.7326e+06,5.6988e+06,369906
0,206.4,7.26244e-23,-0.0593504,4.62299e+06,5.49215e+06,349814
0,207.6,7.49397e-23,-0.0587618,4.51603e+06,5.29703e+06,329787
0,208.8,7.67792e-23,-0.0581815,4.41173e+06,5.11341e+06,309825
0,210,7.8143e-23,-0.0576093,4.31009e+06,4.9413e+06,289927
0,211.2,1.60234e-18,-0.0570453,4.2111e+06,4.78071e+06,270095
0,212.4,7.94433e-23,-0.0564894,4.11476e+06,4.63163e+06,250328
0,213.6,7.93798e-23,-0.0559418,4.02108e+06,4.49405e+06,230625
0,214.8,-7.48731e-19,-0.0554023,3.93005e+06,4.36799e+06,210988
0,216,7.31447e-19,-0.054871,3.84168e+06,4.25345e+06,191415
0,217.2,7.63351e-23,-0.0543478,3.75596e+06,4.15041e+06,171908
0,218.4,6.96564e-19,-0.0538329,3.6729e+06,4.05888e+06,152465
0,219.6,6.79121e-19,-0.0533261,3.59249e+06,3.97887e+06,133088
0,220.8,-6.6154e-19,-0.0528275,3.51474e+06,3.91037e+06,113775
0,222,6.44235e-19,-0.0523371,3.43964e+06,3.85338e+06,94527.8
0,223.2,6.17458e-23,-0.0518549,3.36719e+06,3.8079e+06,75345.2
0,224.4,-3.04587e-19,-0.0513808,3.2974e+06,3.77393e+06,56227.7
0,225.6,5.91902e-19,-0.0509149,3.23027e+06,3.75147e+06,37175.1
0,226.8,-1.43555e-19,-0.0504572,3.16579e+06,3.74053e+06,18187.5
0,228,-4.17685e-19,-0.0500077,3.10396e+06,3.74109e+06,-735.154
0,229.2,3.52631e-23,-0.0495663,3.04479e+06,3.75317e+06,-19592.8
0,230.4,3.3056e-23,-0.0491445,2.99745e+06,3.72495e+06,-25828.1
0,231.6,3.63988e-23,-0.0487429,2.96288e+06,3.63473e+06,-16132.9
0,232.8,3.94256e-23,-0.0483457,2.92832e+06,3.54808e+06,-7166.77
0,234,4.21364e-23,-0.0479528,2.89376e+06,3.46499e+06,1070.2
0,235.2,-1.02245e-18,-0.0475643,2.85921e+06,3.38546e+06,8578.05
0,236.4,4.66101e-23,-0.0471801,2.82466e+06,3.30949e+06,15356.8
0,237.6,4.8373e-23,-0.0468002,2.79012e+06,3.23709e+06,21406.4
0,238.8,-4.90748e-19,-0.0464247,2.75559e+06,3.16825e+06,26726.9
0,240,5.09508e-23,-0.0460536,2.72106e+06,3.10297e+06,31318.2
0,241.2,5.17657e-23,-0.0456868,2.68654e+06,3.04125e+06,35180.5
0,242.4,5.22646e-23,-0.0453243,2.65203e+06,2.98309e+06,38313.6
0,243.6,5.24476e-23,-0.0449662,2.61752e+06,2.9285e+06,40717.6
0,244.8,5.23145e-23,-0.0446124,2.58302e+06,2.87746e+06,42392.5
0,246,5.18655e-23,-0.044263,2.54852e+06,2.82999e+06,43338.2
0,247.2,5.11005e-23,-0.0439179,2.51403e+06,2.78608e+06,43554.9
0,248.4,-2.18083e-19,-0.0435771,2.47955e+06,2.74574e+06,43042.4
0,249.6,4.86225e-23,-0.0432407,2.44507e+06,2.70895e+06,41800.8
0,250.8,2.11364e-19,-0.0429086,2.4106e+06,2.67573e+06,39830
0,252,4.48806e-23,-0.0425809,2.37614e+06,2.64607e+06,37130.2
0,253.2,4.25356e-23,-0.0422575,2.34168e+06,2.61997e+06,33701.2
0,254.4,-2.01052e-19,-0.0419385,2.30723e+06,2.59743e+06,29543.1
0,255.6,9.88787e-20,-0.0416238,2.27278e+06,2.57846e+06,24655.9
0,256.8,-2.9138e-19,-0.0413135,2.23835e+06,2.56304e+06,19039.6
0,258,-4.76868e-20,-0.0410075,2.20391e+06,2.55119e+06,12694.1
0,259.2,3.74944e-19,-0.0407058,2.16949e+06,2.54291e+06,5619.57
0,260.4,-1.51497e-19,-0.0404085,2.13507e+06,2.53818e+06,-2184.13
0,261.6,2.42921e-23,-0.0401117,2.10863e+06,2.50227e+06,-560.448
0,262.8,2.65855e-23,-0.0398174,2.08253e+06,2.46689e+06,1089.74
0,264,2.86543e-23,-0.0395256,2.05669e+06,2.43232e+06,2687.2
0,265.2,3.04984e-23,-0.0392364,2.03113e+06,2.39855e+06,4231.93
0,266.4,-4.63891e-19,-0.0389498,2.00583e+06,2.36559e+06,5723.94
0,267.6,-4.58505e-19,-0.0386657,1.9808e+06,2.33343e+06,7163.21
0,268.8,3.46827e-23,-0.0383842,1.95604e+06,2.30208e+06,8549.76
0,270,3.56281e-23,-0.0381052,1.93155e+06,2.27154e+06,9883.58
0,271.2,3.63488e-23,-0.0378288,1.90732e+06,2.24179e+06,11164.7
0,272.4,3.68448e-23,-0.0375549,1.88337e+06,2.21286e+06,12393
0,273.6,3.71162e-23,-0.0372836,1.85968e+06,2.18473e+06,13568.7
0,274.8,-4.26197e-19,-0.0370148,1.83626e+06,2.1574e+06,14691.6
0,276,-2.10388e-19,-0.0367486,1.81311e+06,2.13088e+06,15761.7
0,277.2,3.65822e-23,-0.036485,1.79023e+06,2.10516e+06,16779.2
0,278.4,2.05077e-19,-0.0362239,1.76761e+06,2.08025e+06,17743.9
0,279.6,3.51028e-23,-0.0359654,1.74527e+06,2.05614e+06,18655.9
0,280.8,-1.99623e-19,-0.0357094,1.72319e+06,2.03284e+06,19515.2
0,282,3.27247e-23,-0.035456,1.70138e+06,2.01034e+06,20321.7
0,283.2,1.94304e-19,-0.0352051,1.67984e+06,1.98865e+06,21075.5
0,284.4,2.9448e-23,-0.0349568,1.65857e+06,1.96776e+06,21776.6
0,285.6,9.44721e-20,-0.034711,1.63756e+06,1.94768e+06,22424.9
0,286.8,-9.30733e-20,-0.0344678,1.61683e+06,1.9284e+06,23020.6
0,288,-4.58534e-20,-0.0342272,1.59636e+06,1.90992e+06,23563.5
0,289.2,1.13028e-19,-0.0339891,1.57616e+06,1.89226e+06,24053.6
0,290.4,1.67006e-19,-0.0337535,1.55623e+06,1.87539e+06,24491.1
0,291.6,3.53205e-19,-0.0335201,1.53953e+06,1.85987e+06,24226.7
0,292.8,3.49756e-19,-0.0332882,1.52531e+06,1.84497e+06,23421.2
0,294,3.46307e-19,-0.0330581,1.51108e+06,1.83007e+06,22615.8
0,295.2,3.42858e-19,-0.0328299,1.49686e+06,1.81517e+06,21810.3
0,296.4,2.33792e-23,-0.0326034,1.48263e+06,1.80027e+06,21004.9
0,297.6,2.45385e-23,-0.0323786,1.46841e+06,1.78537e+06,20199.4
0,298.8,2.5528e-23,-0.0321557,1.45419e+06,1.77047e+06,19394
0,300,-3.29007e-19,-0.0319346,1.43996e+06,1.75556e+06,18588.5
0,301.2,2.6998e-23,-0.0317153,1.42574e+06,1.74066e+06,17783.1
0,302.4,3.22159e-19,-0.0314977,1.41151e+06,1.72576e+06,16977.6
0,303.6,3.18709e-19,-0.031282,1.39729e+06,1.71086e+06,16172.2
0,304.8,2.79302e-23,-0.031068,1.38307e+06,1.69596e+06,15366.7
0,306,2.79015e-23,-0.0308558,1.36884e+06,1.68106e+06,14561.3
0,307.2,-1.54137e-19,-0.0306454,1.35462e+06,1.66616e+06,13755.8
0,308.4,-1.52412e-19,-0.0304368,1.34039e+06,1.65126e+06,12950.3
0,309.6,-1.50687e-19,-0.03023,1.32617e+06,1.63636e+06,12144.9
0,310.8,2.60896e-23,-0.030025,1.31195e+06,1.62145e+06,11339.4
0,312,1.47288e-19,-0.0298218,1.29772e+06,1.60655e+06,10534
0,313.2,-1.45514e-19,-0.0296203,1.2835e+06,1.59165e+06,9728.53
0,314.4,2.29488e-23,-0.0294207,1.26928e+06,1.57675e+06,8923.08
0,315.6,-1.42066e-19,-0.0292229,1.25505e+06,1.56185e+06,8117.62
0,316.8,1.40382e-19,-0.0290268,1.24083e+06,1.54695e+06,7312.17
0,318,3.46774e-20,-0.0288325,1.2266e+06,1.53205e+06,6506.72
0,319.2,3.42442e-20,-0.02864,1.21238e+06,1.51715e+06,5701.26
0,320.4,-6.75785e-20,-0.0284493,1.19816e+06,1.50225e+06,4895.81
0,321.6,1.25081e-23,-0.0282599,1.18425e+06,1.48794e+06,4293.4
0,322.8,1.39817e-23,-0.0280675,1.17299e+06,1.4787e+06,5297.24
0,324,1.53255e-23,-0.0278763,1.16193e+06,1.4698e+06,6226.66
0,325.2,1.65395e-23,-0.0276862,1.15107e+06,1.46126e+06,7081.68
0,326.4,1.76236e-23,-0.0274972,1.1404e+06,1.45307e+06,7862.27
0,327.6,1.8578e-23,-0.0273093,1.12993e+06,1.44523e+06,8568.46
0,328.8,1.94025e-23,-0.0271225,1.11966e+06,1.43774e+06,9200.23
0,330,2.00972e-23,-0.0269369,1.10958e+06,1.4306e+06,9757.59
0,331.2,2.06621e-23,-0.0267524,1.09971e+06,1.42381e+06,10240.5
0,332.4,2.10972e-23,-0.026569,1.09002e+06,1.41737e+06,10649.1
0,333.6,2.14024e-23,-0.0263867,1.08054e+06,1.41129e+06,10983.2
0,334.8,2.15778e-23,-0.0262056,1.07125e+06,1.40555e+06,11242.9
0,336,2.16235e-23,-0.0260255,1.06216e+06,1.40017e+06,11428.2
0,337.2,2.15393e-23,-0.0258466,1.05327e+06,1.39514e+06,11539.1
0,338.4,2.13253e-23,-0.0256689,1.04457e+06,1.39046e+06,11575.5
0,339.6,2.09814e-23,-0.0254922,1.03607e+06,1.38613e+06,11537.6
0,340.8,-1.66925e-19,-0.0253167,1.02776e+06,1.38215e+06,11425.2
0,342,-1.65074e-19,-0.0251422,1.01966e+06,1.37852e+06,11238.4
0,343.2,-1.63223e-19,-0.024969,1.01175e+06,1.37525e+06,10977.3
0,344.4,-1.61372e-19,-0.0247968,1.00404e+06,1.37232e+06,10641.7
0,345.6,-1.59521e-19,-0.0246257,996519,1.36975e+06,10231.6
0,346.8,1.57703e-19,-0.0244558,989199,1.36753e+06,9747.21
0,348,-7.79026e-20,-0.024287,982077,1.36566e+06,9188.37
0,349.2,-1.15474e-19,-0.0241193,975151,1.36414e+06,8555.12
0,350.4,2.2821e-19,-0.0239528,968422,1.36297e+06,7847.45
0,351.6,2.16038e-19,-0.0237874,961890,1.36215e+06,7065.37
0,352.8,1.0662e-23,-0.0236247,953901,1.34987e+06,6545.33
0,354,1.18172e-23,-0.0234636,945212,1.33231e+06,6152.65
0,355.2,1.28662e-23,-0.0233033,936628,1.31537e+06,5727.51
0,356.4,1.38089e-23,-0.0231437,928151,1.29905e+06,5269.91
0,357.6,1.46454e-23,-0.0229849,919779,1.28334e+06,4779.85
0,358.8,1.53756e-23,-0.0228269,911513,1.26825e+06,4257.34
0,360,1.59996e-23,-0.0226696,903353,1.25378e+06,3702.36
0,361.2,1.65174e-23,-0.022513,895299,1.23993e+06,3114.92
0,362.4,1.69289e-23,-0.0223573,887350,1.2267e+06,2495.03
0,363.6,1.72343e-23,-0.0222022,879507,1.21408e+06,1842.67
0,364.8,1.74333e-23,-0.022048,871770,1.20208e+06,1157.86
0,366,1.75262e-23,-0.0218945,864138,1.1907e+06,440.582
0,367.2,1.75128e-23,-0.0217417,856613,1.17994e+06,-309.152
0,368.4,1.73931e-23,-0.0215897,849193,1.1698e+06,-1091.35
0,369.6,1.71672e-23,-0.0214385,841878,1.16027e+06,-1906
0,370.8,1.68351e-23,-0.021288,834670,1.15137e+06,-2753.11
0,372,1.63968e-23,-0.0211382,827567,1.14308e+06,-3632.68
0,373.2,1.58522e-23,-0.0209893,820570,1.13541e+06,-4544.71
0,374.4,1.52014e-23,-0.020841,813679,1.12836e+06,-5489.2
0,375.6,1.44444e-23,-0.0206936,806894,1.12192e+06,-6466.16
0,376.8,1.35811e-23,-0.0205469,800214,1.11611e+06,-7475.57
0,378,1.26115e-23,-0.0204009,793640,1.11091e+06,-8517.44
0,379.2,1.15358e-23,-0.0202557,787172,1.10633e+06,-9591.76
0,380.4,1.03538e-23,-0.0201113,780810,1.10237e+06,-10698.6
0,381.6,9.06556e-24,-0.0199676,774553,1.09902e+06,-11837.8
0,382.8,8.24192e-24,-0.0198249,768898,1.09562e+06,-12346.4
0,384,9.26139e-24,-0.0196837,764934,1.09016e+06,-10666.4
0,385.2,-1.60084e-19,-0.0195431,760915,1.08474e+06,-9069.54
0,386.4,-1.58913e-19,-0.0194031,756841,1.07935e+06,-7555.78
0,387.6,-1.57743e-19,-0.0192636,752713,1.07401e+06,-6125.15
0,388.8,1.24464e-23,-0.0191247,748529,1.0687e+06,-4777.65
0,390,1.30194e-23,-0.0189864,744291,1.06343e+06,-3513.28
0,391.2,1.35031e-23,-0.0188486,739998,1.0582e+06,-2332.04
0,392.4,-1.53062e-19,-0.0187114,735650,1.05301e+06,-1233.93
0,393.6,1.42027e-23,-0.0185748,731247,1.04785e+06,-218.945
0,394.8,1.44185e-23,-0.0184388,726789,1.04274e+06,712.909
0,396,1.45451e-23,-0.0183033,722276,1.03766e+06,1561.63
0,397.2,1.48412e-19,-0.0181684,717709,1.03261e+06,2327.23
0,398.4,1.45304e-23,-0.0180341,713086,1.02761e+06,3009.69
0,399.6,1.43891e-23,-0.0179003,708409,1.02264e+06,3609.03
0,400.8,7.24585e-20,-0.0177671,703677,1.01772e+06,4125.24
0,402,7.18733e-20,-0.0176345,698890,1.01283e+06,4558.32
0,403.2,7.12881e-20,-0.0175024,694048,1.00798e+06,4908.26
0,404.4,-7.06769e-20,-0.0173709,689151,1.00316e+06,5175.08
0,405.6,-3.50402e-20,-0.01724,684199,998385,5358.77
0,406.8,1.16661e-23,-0.0171097,679193,993646,5459.33
0,408,1.08998e-23,-0.0169799,674131,988946,5476.77
0,409.2,-3.41652e-20,-0.0168507,669015,984284,5411.07
0,410.4,-6.77567e-20,-0.0167221,663844,979659,5262.24
0,411.6,4.19961e-20,-0.016594,658618,975072,5030.29
0,412.8,-6.4508e-20,-0.0164665,653337,970524,4715.2
0,414,7.39558e-24,-0.0163394,649355,966699,4439.32
0,415.2,-1.9831e-19,-0.0162127,645735,963064,4187.81
0,416.4,-1.96982e-19,-0.0160864,642115,959429,3936.3
0,417.6,9.65737e-24,-0.0159605,638496,955795,3684.79
0,418.8,1.02596e-23,-0.0158351,634876,952160,3433.28
0,420,1.0786e-23,-0.0157101,631256,948526,3181.76
0,421.2,-9.58287e-20,-0.0155855,627636,944891,2930.25
0,422.4,-9.51645e-20,-0.0154614,624016,941257,2678.74
0,423.6,1.19102e-23,-0.0153377,620397,937622,2427.23
0,424.8,1.21332e-23,-0.0152144,616777,933988,2175.72
0,426,-9.31723e-20,-0.0150916,613157,930353,1924.21
0,427.2,-9.25084e-20,-0.0149692,609537,926719,1672.69
0,428.4,-9.18445e-20,-0.0148472,605917,923084,1421.18
0,429.6,-9.11808e-20,-0.0147256,602298,919449,1169.67
0,430.8,1.21107e-23,-0.0146045,598678,915815,918.159
0,432,-8.98535e-20,-0.0144838,595058,912180,666.647
0,433.2,-8.91899e-20,-0.0143636,591438,908546,415.135
0,434.4,-4.42576e-20,-0.0142438,587819,904911,163.623
0,435.6,-8.78631e-20,-0.0141244,584199,901277,-87.8883
0,436.8,-4.35948e-20,-0.0140054,580579,897642,-339.4
0,438,-6.49e-20,-0.0138869,576959,894008,-590.912
0,439.2,-8.58734e-20,-0.0137688,573339,890373,-842.424
0,440.4,2.13127e-20,-0.0136511,569720,886739,-1093.94
0,441.6,7.29208e-24,-0.0135338,566100,883104,-1345.45
0,442.8,-3.14527e-20,-0.013417,562480,879469,-1596.96
0,444,6.01336e-24,-0.0133005,559169,876223,-1584.84
0,445.2,6.76841e-24,-0.0131842,556450,873706,-1098.56
0,446.4,7.45761e-24,-0.0130681,553740,871179,-650.935
0,447.6,-1.6289e-19,-0.0129524,551040,868642,-241.954
0,448.8,8.63842e-24,-0.0128371,548349,866095,128.379
0,450,9.13004e-24,-0.012722,545667,863537,460.064
0,451.2,9.5558e-24,-0.0126073,542995,860970,753.103
0,452.4,-7.96058e-20,-0.0124929,540333,858392,1007.49
0,453.6,-7.91472e-20,-0.0123788,537680,855804,1223.24
0,454.8,-7.86886e-20,-0.012265,535036,853206,1400.33
0,456,1.06002e-23,-0.0121516,532402,850598,1538.78
0,457.2,-7.77717e-20,-0.0120385,529777,847980,1638.58
0,458.4,-7.73134e-20,-0.0119257,527162,845352,1699.74
0,459.6,1.0692e-23,-0.0118133,524556,842713,1722.24
0,460.8,-7.63969e-20,-0.0117012,521959,840065,1706.1
0,462,1.04239e-23,-0.0115894,519372,837406,1651.31
0,463.2,-7.54807e-20,-0.0114779,516794,834737,1557.88
0,464.4,-3.75064e-20,-0.0113668,514226,832059,1425.79
0,465.6,-7.45647e-20,-0.0112559,511667,829370,1255.06
0,466.8,9.09735e-24,-0.0111454,509118,826670,1045.68
0,468,-3.68202e-20,-0.0110353,506578,823961,797.659
0,469.2,-5.48915e-20,-0.0109254,504048,821242,510.986
0,470.4,-5.45484e-20,-0.0108159,501527,818512,185.666
0,471.6,-9.03467e-20,-0.0107067,499015,815773,-178.302
0,472.8,1.79621e-20,-0.0105979,496513,813023,-580.917
0,474,-2.11817e-20,-0.0104893,494020,810263,-1022.18
0,475.2,5.68254e-24,-0.010381,491887,807689,-803.023
0,476.4,6.32744e-24,-0.0102729,489812,805228,-525.188
0,477.6,1.40278e-19,-0.010165,487758,802866,-261.723
0,478.8,7.44124e-24,-0.0100574,485725,800602,-12.626
0,480,7.91015e-24,-0.00995006,483713,798436,222.102
0,481.2,8.3204e-24,-0.00984293,481722,796368,442.461
0,482.4,8.67198e-24,-0.00973603,479753,794398,648.451
0,483.6,8.9649e-24,-0.00962938,477804,792526,840.072
0,484.8,6.80582e-20,-0.00952297,475877,790753,1017.32
0,486,9.37475e-24,-0.0094168,473971,789077,1180.21
0,487.2,6.7363e-20,-0.00931088,472086,787500,1328.72
0,488.4,6.70153e-20,-0.00920519,470222,786021,1462.87
0,489.6,9.54956e-24,-0.00909974,468379,784640,1582.65
0,490.8,6.63197e-20,-0.00899454,466557,783358,1688.05
0,492,9.37279e-24,-0.00888957,464757,782173,1779.09
0,493.2,6.56238e-20,-0.00878485,462977,781087,1855.76
0,494.4,6.52758e-20,-0.00868037,461219,780098,1918.07
0,495.6,3.24682e-20,-0.00857613,459482,779208,1966
0,496.8,6.45796e-20,-0.00847213,457766,778416,1999.56
0,498,3.21197e-20,-0.00836837,456071,777723,2018.76
0,499.2,-1.59615e-20,-0.00826485,454397,777127,2023.58
0,500.4,6.90619e-24,-0.00816158,452745,776629,2014.04
0,501.6,9.47767e-20,-0.00805854,451113,776230,1990.13
0,502.8,5.49841e-20,-0.00795574,449503,775929,1951.85
0,504,1.95314e-20,-0.00785319,447914,775726,1899.2
0,505.2,4.86787e-24,-0.00775051,446244,774413,1915.84
0,506.4,5.47977e-24,-0.00764757,444482,771779,2009.07
0,507.6,6.03848e-24,-0.00754479,442750,769218,2079.56
0,508.8,6.54397e-24,-0.00744217,441046,766730,2127.32
0,510,6.99626e-24,-0.00733971,439371,764315,2152.36
0,511.2,7.39534e-24,-0.00723741,437725,761973,2154.66
0,512.4,7.74122e-24,-0.00713526,436108,759703,2134.23
0,513.6,8.03389e-24,-0.00703327,434519,757507,2091.06
0,514.8,8.27335e-24,-0.00693144,432960,755384,2025.17
0,516,8.45961e-24,-0.00682977,431429,753333,1936.55
0,517.2,8.59266e-24,-0.00672826,429927,751355,1825.19
0,518.4,8.67251e-24,-0.00662691,428454,749451,1691.1
0,519.6,8.69915e-24,-0.00652571,427010,747619,1534.29
0,520.8,8.67258e-24,-0.00642467,425595,745860,1354.74
0,522,8.5928e-24,-0.00632379,424208,744174,1152.46
0,523.2,8.45982e-24,-0.00622307,422850,742561,927.446
0,524.4,8.27363e-24,-0.00612251,421522,741021,679.703
0,525.6,8.03424e-24,-0.00602211,420222,739554,409.23
0,526.8,7.74164e-24,-0.00592186,418950,738160,116.025
0,528,7.39583e-24,-0.00582177,417708,736838,-199.911
0,529.2,6.99682e-24,-0.00572184,416495,735590,-538.579
0,530.4,6.5446e-24,-0.00562207,415310,734414,-899.977
0,531.6,6.03917e-24,-0.00552246,414154,733312,-1284.11
0,532.8,5.48054e-24,-0.005423,413027,732282,-1690.97
0,534,4.8687e-24,-0.00532371,411929,731326,-2120.56
0,535.2,4.23223e-24,-0.00522458,410869,730435,-2553.35
0,536.4,4.82956e-24,-0.00512614,410253,729282,-2131.82
0,537.6,5.37818e-24,-0.00502778,409625,728149,-1735.42
0,538.8,5.87807e-24,-0.00492952,408988,727036,-1364.16
0,540,6.32925e-24,-0.00483135,408340,725942,-1018.02
0,541.2,6.7317e-24,-0.00473328,407682,724869,-697.013
0,542.4,7.08544e-24,-0.00463529,407013,723814,-401.137
0,543.6,7.39045e-24,-0.0045374,406334,722780,-130.393
0,544.8,7.64675e-24,-0.0044396,405644,721765,115.221
0,546,7.85432e-24,-0.0043419,404945,720770,335.705
0,547.2,8.01318e-24,-0.00424428,404234,719794,531.057
0,548.4,8.12332e-24,-0.00414676,403514,718839,701.279
0,549.6,8.18473e-24,-0.00404933,402783,717903,846.37
0,550.8,8.19743e-24,-0.00395199,402042,716986,966.33
0,552,8.1614e-24,-0.00385475,401290,716090,1061.16
0,553.2,8.07666e-24,-0.00375759,400528,715213,1130.86
0,554.4,7.9432e-24,-0.00366053,399755,714355,1175.43
0,555.6,7.76102e-24,-0.00356356,398973,713518,1194.86
0,556.8,7.53011e-24,-0.00346669,398179,712700,1189.17
0,558,7.25049e-24,-0.0033699,397376,711902,1158.34
0,559.2,6.92215e-24,-0.00327321,396562,711123,1102.39
0,560.4,6.54508e-24,-0.00317661,395738,710364,1021.3
0,561.6,6.1193e-24,-0.00308011,394903,709625,915.087
0,562.8,5.6448e-24,-0.00298369,394058,708906,783.739
0,564,5.12158e-24,-0.00288737,393202,708206,627.261
0,565.2,4.54964e-24,-0.00279114,392337,707526,445.652
0,566.4,4.69979e-24,-0.00269447,391713,707321,605.435
0,567.6,5.35304e-24,-0.00259748,391284,707430,1000.31
0,568.8,5.95132e-24,-0.00250054,390874,707515,1364.33
0,570,6.49462e-24,-0.00240366,390481,707577,1697.5
0,571.2,6.98294e-24,-0.00230684,390107,707615,1999.81
0,572.4,7.41629e-24,-0.00221007,389751,707630,2271.28
0,573.6,7.79466e-24,-0.00211336,389414,707620,2511.9
0,574.8,8.11806e-24,-0.0020167,389094,707588,2721.66
0,576,8.38648e-24,-0.00192011,388793,707531,2900.57
0,577.2,9.17989e-20,-0.00182356,388510,707451,3048.63
0,578.4,8.75838e-24,-0.00172708,388245,707347,3165.84
0,579.6,8.86187e-24,-0.00163065,387998,707220,3252.2
0,580.8,9.18451e-20,-0.00153428,387770,707069,3307.7
0,582,9.18604e-20,-0.00143796,387560,706895,3332.36
0,583.2,9.18756e-20,-0.0013417,387368,706696,3326.16
0,584.4,8.72607e-24,-0.0012455,387194,706475,3289.11
0,585.6,8.55468e-24,-0.00114936,387039,706229,3221.21
0,586.8,9.1921e-20,-0.00105327,386901,705960,3122.46
0,588,9.19361e-20,-0.000957232,386782,705667,2992.86
0,589.2,7.71064e-24,-0.000861255,386682,705351,2832.4
0,590.4,4.59866e-20,-0.000765334,386599,705011,2641.1
0,591.6,4.59938e-20,-0.00066947,386535,704647,2418.94
0,592.8,6.37182e-24,-0.000573662,386489,704260,2165.93
0,594,5.8156e-24,-0.000477911,386461,703849,1882.07
0,595.2,-2.29998e-20,-0.000382216,386451,703414,1567.36
0,596.4,4.60221e-20,-0.000286577,386459,702956,1221.8
0,597.6,2.30164e-20,-0.000190995,386486,702474,845.383
0,598.8,1.15113e-20,-9.54692e-05,386531,701969,438.117
