x,y,sigxx,sigyy,sigxy
0, 0, -2.29425e+06, -2.25385e+06, -776.425
0.5, 0, -2.29404e+06, -2.2039e+06, -250.079
1, 0, -2.29382e+06, -2.15404e+06, 172.06
1.5, 0, -2.29359e+06, -2.10427e+06, 489.992
2, 0, -2.29334e+06, -2.0546e+06, 703.718
2.5, 0, -2.29307e+06, -2.00509e+06, 770.426
3, 0, -2.29265e+06, -1.9562e+06, 478.187
3.5, 0, -2.29223e+06, -1.90732e+06, 185.948
4, 0, -2.29181e+06, -1.85843e+06, -106.29
4.5, 0, -2.29139e+06, -1.80954e+06, -398.529
5, 0, -2.29071e+06, -1.76081e+06, -264.707
5.5, 0, -2.28938e+06, -1.71273e+06, 751.041
6, 0, -2.28805e+06, -1.6651e+06, 1500.32
6.5, 0, -2.28671e+06, -1.6179e+06, 1983.13
7, 0, -2.28536e+06, -1.57115e+06, 2199.47
7.5, 0, -2.28383e+06, -1.52489e+06, 1905.11
8, 0, -2.28173e+06, -1.47926e+06, 877.103
8.5, 0, -2.27948e+06, -1.43418e+06, -68.2824
9, 0, -2.27707e+06, -1.38962e+06, -931.05
9.5, 0, -2.27451e+06, -1.34559e+06, -1711.2
10, 0, -2.27136e+06, -1.30197e+06, -1601.23
10.5, 0, -2.26719e+06, -1.25873e+06, 231.016
11, 0, -2.26313e+06, -1.21625e+06, 1577.42
11.5, 0, -2.25919e+06, -1.17453e+06, 2437.99
12, 0, -2.25537e+06, -1.13358e+06, 2812.72
12.5, 0, -2.25146e+06, -1.09364e+06, 2601.5
13, 0, -2.24594e+06, -1.05586e+06, 1392.28
13.5, 0, -2.24046e+06, -1.01794e+06, 191.759
14, 0, -2.23503e+06, -979879, -1000.05
14.5, 0, -2.22964e+06, -941682, -2183.16
15, 0, -2.2243e+06, -903347, -3357.57
15.5, 0, -2.21633e+06, -866969, -1134
16, 0, -2.20872e+06, -831472, 581.741
16.5, 0, -2.20147e+06, -796846, 1763.43
17, 0, -2.19459e+06, -763091, 2411.07
17.5, 0, -2.18808e+06, -730206, 2524.66
18, 0, -2.18027e+06, -699224, 1689.28
18.5, 0, -2.17149e+06, -669051, 493.652
19, 0, -2.16271e+06, -638878, -701.98
19.5, 0, -2.15393e+06, -608704, -1897.61
20, 0, -2.14515e+06, -578531, -3093.24
20.5, 0, -2.13564e+06, -549476, -3382.59
21, 0, -2.12453e+06, -523048, -1712.98
21.5, 0, -2.1136e+06, -496639, -286.933
22, 0, -2.10286e+06, -470250, 895.541
22.5, 0, -2.0923e+06, -443882, 1834.44
23, 0, -2.08191e+06, -417533, 2529.78
23.5, 0, -2.07114e+06, -394204, 1817.18
24, 0, -2.06019e+06, -371688, 727.919
24.5, 0, -2.0492e+06, -349237, -427.854
25, 0, -2.03815e+06, -326849, -1650.14
25.5, 0, -2.02706e+06, -304527, -2938.94
26, 0, -2.01529e+06, -283513, -3375.79
26.5, 0, -2.00253e+06, -264678, -2328.73
27, 0, -1.99e+06, -245782, -1453.05
27.5, 0, -1.97768e+06, -226826, -748.759
28, 0, -1.96557e+06, -207808, -215.858
28.5, 0, -1.95367e+06, -188730, 145.656
29, 0, -1.94073e+06, -172083, -230.922
29.5, 0, -1.92731e+06, -156425, -858.277
30, 0, -1.91389e+06, -140767, -1485.28
30.5, 0, -1.90047e+06, -125109, -2111.93
31, 0, -1.88705e+06, -109451, -2738.22
31.5, 0, -1.87355e+06, -94117.1, -3179.14
32, 0, -1.85959e+06, -80965.6, -2489.89
32.5, 0, -1.84585e+06, -67981.3, -1916.41
33, 0, -1.83233e+06, -55164.3, -1458.69
33.5, 0, -1.81902e+06, -42514.7, -1116.74
34, 0, -1.80593e+06, -30032.3, -890.55
34.5, 0, -1.7928e+06, -17923.6, -816.125
35, 0, -1.77891e+06, -6761.49, -947.25
35.5, 0, -1.7649e+06, 3965.06, -1167.3
36, 0, -1.75077e+06, 14256, -1476.28
36.5, 0, -1.73652e+06, 24111.4, -1874.18
37, 0, -1.72214e+06, 33531.2, -2361
37.5, 0, -1.70799e+06, 42110.3, -2552.93
38, 0, -1.69426e+06, 50059, -2290.78
38.5, 0, -1.68053e+06, 58003.9, -2030.35
39, 0, -1.66679e+06, 65944.9, -1771.64
39.5, 0, -1.65306e+06, 73882.1, -1514.66
40, 0, -1.63933e+06, 81815.5, -1259.4
40.5, 0, -1.62556e+06, 89424.1, -1113.36
41, 0, -1.61169e+06, 96338, -1065.89
41.5, 0, -1.59774e+06, 102964, -922.364
42, 0, -1.58371e+06, 109302, -682.776
42.5, 0, -1.5696e+06, 115351, -347.129
43, 0, -1.55541e+06, 121113, 84.5788
43.5, 0, -1.54174e+06, 126291, 374.376
44, 0, -1.52886e+06, 130983, 367.516
44.5, 0, -1.51598e+06, 135675, 360.653
45, 0, -1.5031e+06, 140366, 353.786
45.5, 0, -1.49023e+06, 145058, 346.915
46, 0, -1.47735e+06, 149750, 340.041
46.5, 0, -1.4643e+06, 154311, 284.858
47, 0, -1.45062e+06, 158268, 5.99511
47.5, 0, -1.43701e+06, 162091, -323.182
48, 0, -1.42346e+06, 165781, -702.672
48.5, 0, -1.40997e+06, 169336, -1132.48
49, 0, -1.39655e+06, 172758, -1612.59
49.5, 0, -1.38371e+06, 175787, -1972.76
50, 0, -1.37315e+06, 177791, -1692.16
50.5, 0, -1.36294e+06, 179884, -1435.39
51, 0, -1.35308e+06, 182068, -1202.43
51.5, 0, -1.3391e+06, 183958, -850.979
52, 0, -1.32569e+06, 185891, -623.165
52.5, 0, -1.31285e+06, 187870, -519.799
53, 0, -1.30059e+06, 189895, -540.881
53.5, 0, -1.28891e+06, 191965, -686.41
54, 0, -1.27781e+06, 194081, -956.386
54.5, 0, -1.26634e+06, 195572, -968.422
55, 0, -1.25466e+06, 196735, -862.039
55.5, 0, -1.24313e+06, 197856, -795.232
56, 0, -1.23175e+06, 198934, -767.999
56.5, 0, -1.22052e+06, 199970, -780.341
57, 0, -1.20943e+06, 200965, -832.258
57.5, 0, -1.19815e+06, 201989, -911.616
58, 0, -1.18574e+06, 203192, -921.927
58.5, 0, -1.17404e+06, 204157, -883.19
59, 0, -1.16303e+06, 204884, -795.403
59.5, 0, -1.15272e+06, 205371, -658.566
60, 0, -1.14311e+06, 205621, -472.68
60.5, 0, -1.13421e+06, 205632, -237.745
61, 0, -1.1247e+06, 205736, -246.141
61.5, 0, -1.11469e+06, 205958, -385.072
62, 0, -1.10468e+06, 206181, -524.002
62.5, 0, -1.09467e+06, 206403, -662.933
63, 0, -1.08466e+06, 206625, -801.863
63.5, 0, -1.07465e+06, 206848, -940.794
64, 0, -1.06464e+06, 207070, -1079.72
64.5, 0, -1.05508e+06, 207021, -718.772
65, 0, -1.04566e+06, 206950, -425.622
65.5, 0, -1.03636e+06, 206861, -207.977
66, 0, -1.0272e+06, 206755, -65.8367
66.5, 0, -1.01817e+06, 206631, 0.798564
67, 0, -1.00927e+06, 206489, -8.07114
67.5, 0, -1.00044e+06, 206298, -125.466
68, 0, -991305, 205924, -421.853
68.5, 0, -982059, 205546, -651.801
69, 0, -972703, 205161, -815.31
69.5, 0, -963238, 204772, -912.379
70, 0, -953960, 204417, -810.761
70.5, 0, -945561, 204107, -389.734
71, 0, -937447, 203718, -17.0271
71.5, 0, -929619, 203248, 307.361
72, 0, -922076, 202699, 583.43
72.5, 0, -914819, 202070, 811.18
73, 0, -907847, 201360, 990.61
73.5, 0, -901161, 200571, 1121.72
74, 0, -894760, 199702, 1204.51
74.5, 0, -888644, 198753, 1238.99
75, 0, -880607, 197863, 824.964
75.5, 0, -872630, 196991, 361.255
76, 0, -864717, 196136, -151.937
76.5, 0, -856866, 195298, -714.612
77, 0, -849529, 194538, -1290.33
77.5, 0, -842510, 193725, -1818.88
78, 0, -835420, 192945, -2079.59
78.5, 0, -826970, 192545, -1376.92
79, 0, -818769, 192075, -801.925
79.5, 0, -810816, 191532, -354.598
80, 0, -803112, 190918, -34.9431
80.5, 0, -795657, 190232, 157.04
81, 0, -788450, 189475, 221.351
81.5, 0, -781492, 188646, 157.99
82, 0, -774782, 187745, -33.0423
82.5, 0, -768322, 186772, -351.747
83, 0, -762110, 185728, -798.123
83.5, 0, -756008, 184741, -1271.15
84, 0, -749978, 183873, -1627.54
84.5, 0, -744223, 182946, -1968.87
85, 0, -738743, 181959, -2295.14
85.5, 0, -733091, 181042, -2241.9
86, 0, -727251, 180181, -1994.28
86.5, 0, -721411, 179321, -1746.11
87, 0, -715571, 178461, -1497.39
87.5, 0, -709732, 177600, -1248.1
88, 0, -703892, 176740, -998.266
88.5, 0, -698053, 175879, -747.872
89, 0, -692214, 175018, -496.922
89.5, 0, -686376, 174158, -245.416
90, 0, -680537, 173297, 6.64606
90.5, 0, -674699, 172437, 259.264
91, 0, -669395, 171502, 211.43
91.5, 0, -664607, 170493, -71.2101
92, 0, -659951, 169461, -356.197
92.5, 0, -655426, 168408, -643.53
93, 0, -650393, 167474, -807.277
93.5, 0, -645181, 166588, -887.111
94, 0, -640076, 165686, -935.023
94.5, 0, -635078, 164769, -951.013
95, 0, -630188, 163836, -935.082
95.5, 0, -625404, 162888, -887.228
96, 0, -620727, 161925, -807.452
96.5, 0, -616158, 160946, -695.755
97, 0, -611696, 159952, -552.136
97.5, 0, -607341, 158942, -376.594
98, 0, -603092, 157917, -169.131
98.5, 0, -598952, 156914, -65.5847
99, 0, -594854, 156016, -358.119
99.5, 0, -590755, 155117, -668.878
100, 0, -586654, 154219, -997.862
100.5, 0, -582337, 153382, -1267.34
101, 0, -577450, 152707, -1295.08
101.5, 0, -572660, 152004, -1288.01
102, 0, -567967, 151271, -1246.13
102.5, 0, -563372, 150510, -1169.45
103, 0, -558874, 149719, -1057.95
103.5, 0, -554474, 148899, -911.652
104, 0, -550170, 148050, -730.542
104.5, 0, -545965, 147172, -514.623
105, 0, -541856, 146265, -263.896
105.5, 0, -537845, 145329, 21.6401
106, 0, -533932, 144364, 341.984
106.5, 0, -530252, 143431, 452.825
107, 0, -526752, 142558, 299.546
107.5, 0, -523251, 141685, 145.326
108, 0, -519750, 140812, -9.83354
108.5, 0, -516247, 139973, -107.104
109, 0, -512739, 139195, -93.21
109.5, 0, -509231, 138417, -79.3166
110, 0, -505723, 137639, -65.4236
110.5, 0, -502215, 136861, -51.5311
111, 0, -498707, 136083, -37.6391
111.5, 0, -495199, 135305, -23.7475
112, 0, -491691, 134527, -9.85644
112.5, 0, -488183, 133749, 4.0342
113, 0, -484676, 132971, 17.9244
113.5, 0, -481168, 132193, 31.8141
114, 0, -477660, 131415, 45.7033
114.5, 0, -474209, 130644, 18.6854
115, 0, -470981, 129915, -204.122
115.5, 0, -467748, 129204, -483.149
116, 0, -464489, 128504, -545.966
116.5, 0, -461291, 127793, -469.376
117, 0, -458178, 127068, -392.569
117.5, 0, -455151, 126329, -315.544
118, 0, -452211, 125576, -238.302
118.5, 0, -449357, 124809, -160.842
119, 0, -446590, 124028, -83.1644
119.5, 0, -443908, 123233, -5.26924
120, 0, -441313, 122424, 72.8436
120.5, 0, -438804, 121601, 151.174
121, 0, -436382, 120765, 229.722
121.5, 0, -434045, 119914, 308.488
122, 0, -431795, 119049, 387.471
122.5, 0, -429470, 118208, 344.591
123, 0, -426758, 117437, -31.6369
123.5, 0, -424051, 116638, -412.32
124, 0, -420780, 116135, -346.121
124.5, 0, -417588, 115615, -286.569
125, 0, -414473, 115077, -233.662
125.5, 0, -411437, 114522, -187.402
126, 0, -408478, 113949, -147.787
126.5, 0, -405597, 113359, -114.819
127, 0, -402795, 112751, -88.4962
127.5, 0, -400070, 112126, -68.8197
128, 0, -397423, 111483, -55.7892
128.5, 0, -394854, 110823, -49.4047
129, 0, -392364, 110146, -49.6663
129.5, 0, -389951, 109451, -56.5738
130, 0, -387616, 108738, -70.1274
130.5, 0, -385359, 108008, -90.3269
131, 0, -383099, 107354, -249.771
131.5, 0, -380801, 106756, -473.397
132, 0, -378500, 106161, -674.428
132.5, 0, -376312, 105579, -657.53
133, 0, -374165, 104999, -571.729
133.5, 0, -372017, 104419, -485.792
134, 0, -369869, 103839, -399.717
134.5, 0, -367721, 103260, -313.505
135, 0, -365573, 102680, -227.155
135.5, 0, -363425, 102100, -140.668
136, 0, -361277, 101521, -54.0445
136.5, 0, -359130, 100941, 32.7167
137, 0, -356982, 100362, 119.615
137.5, 0, -354834, 99782.1, 206.651
138, 0, -352686, 99202.5, 293.823
138.5, 0, -350538, 98623, 381.134
139, 0, -348391, 98043.4, 468.581
139.5, 0, -346243, 97463.9, 556.165
140, 0, -343994, 96975.9, 406.161
140.5, 0, -341782, 96486, 244.214
141, 0, -339622, 95984.4, 95.3213
141.5, 0, -337784, 95483.8, 41.0632
142, 0, -335963, 94980.8, -4.72131
142.5, 0, -334144, 94475, -46.6676
143, 0, -332326, 93966.4, -84.7756
143.5, 0, -330509, 93454.9, -119.045
144, 0, -328693, 92940.6, -149.477
144.5, 0, -326878, 92423.4, -176.07
145, 0, -325065, 91903.4, -198.825
145.5, 0, -323253, 91380.6, -217.742
146, 0, -321442, 90854.9, -232.821
146.5, 0, -319632, 90326.4, -244.061
147, 0, -317824, 89795.1, -251.463
147.5, 0, -316016, 89260.9, -255.027
148, 0, -314210, 88723.9, -254.752
148.5, 0, -312405, 88184.1, -250.64
149, 0, -310614, 87698.4, -339.021
149.5, 0, -308885, 87238.2, -485.536
150, 0, -307222, 86763.9, -626.815
150.5, 0, -305719, 86338, -665.301
151, 0, -304277, 85948, -613.265
151.5, 0, -302805, 85545.3, -545.129
152, 0, -301300, 85129.8, -460.893
152.5, 0, -299764, 84701.6, -360.557
153, 0, -298210, 84166.7, -247.895
153.5, 0, -296649, 83570.8, -143.377
154, 0, -295077, 82983.9, -49.9557
154.5, 0, -293492, 82405.8, 32.3678
155, 0, -291896, 81836.6, 103.594
155.5, 0, -290287, 81276.3, 163.722
156, 0, -288667, 80724.9, 212.753
156.5, 0, -287068, 80192.3, 233.011
157, 0, -285689, 79733.3, 133.498
157.5, 0, -284304, 79278.1, 42.5946
158, 0, -282914, 78826.4, -39.7007
158.5, 0, -281518, 78378.5, -113.387
159, 0, -280116, 77934.2, -178.466
159.5, 0, -278708, 77493.5, -234.935
160, 0, -277295, 77056.6, -282.796
160.5, 0, -275876, 76623.3, -322.048
161, 0, -274452, 76193.6, -352.692
161.5, 0, -273022, 75767.7, -374.727
162, 0, -271586, 75345.4, -388.153
162.5, 0, -270145, 74926.7, -392.971
163, 0, -268698, 74511.7, -389.18
163.5, 0, -267245, 74100.4, -376.781
164, 0, -265814, 73724.3, -373.459
164.5, 0, -264405, 73348.3, -365.893
165, 0, -263016, 72969.6, -352.664
165.5, 0, -261647, 72588, -333.77
166, 0, -260298, 72203.6, -309.212
166.5, 0, -258969, 71816.5, -278.991
167, 0, -257660, 71426.5, -243.105
167.5, 0, -256371, 71033.7, -201.555
168, 0, -255102, 70638.1, -154.342
168.5, 0, -253881, 70260.5, -120.636
169, 0, -252737, 69928.4, -131.843
169.5, 0, -251597, 69590.4, -143.56
170, 0, -250462, 69246.4, -155.786
170.5, 0, -249331, 68896.5, -168.522
171, 0, -248204, 68540.6, -181.767
171.5, 0, -247082, 68178.8, -195.522
172, 0, -245965, 67811, -209.786
172.5, 0, -244852, 67437.3, -224.56
173, 0, -243743, 67057.6, -239.844
173.5, 0, -242639, 66671.9, -255.637
174, 0, -241539, 66280.3, -271.94
174.5, 0, -240444, 65882.8, -288.752
175, 0, -239353, 65479.3, -306.074
175.5, 0, -238267, 65069.8, -323.905
176, 0, -237185, 64654.4, -342.246
176.5, 0, -236094, 64246.4, -349.098
177, 0, -234943, 63904.4, -295.195
177.5, 0, -233806, 63560.2, -244.295
178, 0, -232685, 63213.7, -196.399
178.5, 0, -231578, 62865, -151.505
179, 0, -230487, 62514, -109.615
179.5, 0, -229410, 62160.8, -70.7277
180, 0, -228551, 61828.2, -11.1192
180.5, 0, -227698, 61496.3, 49.2934
181, 0, -226845, 61164.6, 109.866
181.5, 0, -225937, 60844.2, 147.169
182, 0, -224931, 60542.9, 142.067
182.5, 0, -223928, 60240.4, 136.296
183, 0, -222929, 59936.7, 129.856
183.5, 0, -221931, 59631.9, 122.747
184, 0, -220937, 59325.9, 114.97
184.5, 0, -219946, 59018.8, 106.524
185, 0, -218958, 58710.5, 97.409
185.5, 0, -217972, 58401, 87.6256
186, 0, -216989, 58090.3, 77.1735
186.5, 0, -216009, 57778.5, 66.0526
187, 0, -215032, 57465.5, 54.2631
187.5, 0, -214058, 57151.3, 41.8048
188, 0, -213087, 56835.9, 28.6779
188.5, 0, -212118, 56519.4, 14.8822
189, 0, -211153, 56201.7, 0.417875
189.5, 0, -210190, 55882.9, -14.7152
190, 0, -209230, 55562.9, -30.5169
190.5, 0, -208273, 55241.7, -46.9874
191, 0, -207319, 54919.3, -64.1266
191.5, 0, -206368, 54595.8, -81.9344
192, 0, -205419, 54271.1, -100.411
192.5, 0, -204597, 53973.6, -85.6206
193, 0, -203841, 53694.7, -55.7691
193.5, 0, -203079, 53419.1, -30.7978
194, 0, -202311, 53146.8, -10.7067
194.5, 0, -201537, 52877.9, 4.50408
195, 0, -200757, 52612.3, 14.8347
195.5, 0, -199972, 52350.1, 20.285
196, 0, -199180, 52091.2, 20.8551
196.5, 0, -198383, 51835.6, 16.545
197, 0, -197579, 51583.3, 7.35461
197.5, 0, -196770, 51334.4, -6.71599
198, 0, -195954, 51088.8, -25.6668
198.5, 0, -195133, 50846.5, -49.4979
199, 0, -194300, 50601.9, -83.8291
199.5, 0, -193459, 50342.7, -135.09
200, 0, -192635, 50084, -185.136
200.5, 0, -191830, 49825.9, -233.967
201, 0, -191091, 49570.9, -224.608
201.5, 0, -190372, 49316.9, -195.854
202, 0, -189653, 49063, -167.033
202.5, 0, -188933, 48809, -138.145
203, 0, -188214, 48555.1, -109.191
203.5, 0, -187495, 48301.1, -80.1705
204, 0, -186775, 48047.2, -51.0833
204.5, 0, -186056, 47793.3, -21.9295
205, 0, -185337, 47539.4, 7.29083
205.5, 0, -184617, 47285.5, 36.5777
206, 0, -183898, 47031.6, 65.9312
206.5, 0, -183179, 46777.7, 95.3512
207, 0, -182459, 46523.8, 124.838
207.5, 0, -181740, 46269.9, 154.391
208, 0, -181021, 46016.1, 184.011
208.5, 0, -180301, 45762.3, 213.697
209, 0, -179582, 45508.4, 243.45
209.5, 0, -178863, 45254.6, 273.269
210, 0, -178152, 45005.7, 284.747
210.5, 0, -177471, 44770.5, 243.784
211, 0, -176797, 44534.5, 203.002
211.5, 0, -176129, 44297.7, 162.401
212, 0, -175473, 44057.9, 115.984
212.5, 0, -174826, 43816.8, 69.7372
213, 0, -174186, 43576.4, 28.2779
213.5, 0, -173551, 43336.5, -8.39394
214, 0, -172922, 43097.3, -40.2783
214.5, 0, -172298, 42858.8, -67.3753
215, 0, -171680, 42620.8, -89.6847
215.5, 0, -171068, 42383.4, -107.207
216, 0, -170461, 42146.7, -119.941
216.5, 0, -169861, 41910.6, -127.889
217, 0, -169265, 41675.1, -131.048
217.5, 0, -168676, 41440.2, -129.421
218, 0, -168092, 41206, -123.005
218.5, 0, -167514, 40972.4, -111.803
219, 0, -166942, 40739.3, -95.8126
219.5, 0, -166375, 40506.9, -75.0351
220, 0, -165815, 40275.2, -49.4702
220.5, 0, -165259, 40044, -19.1178
221, 0, -164710, 39813.5, 16.0221
221.5, 0, -164137, 39592.5, 18.4815
222, 0, -163548, 39376.9, 0.40359
222.5, 0, -162959, 39161.2, -17.8482
223, 0, -162370, 38945.6, -36.2739
223.5, 0, -161739, 38773.9, -19.0715
224, 0, -161115, 38601.1, 0.0612149
224.5, 0, -160503, 38422.5, 17.5807
225, 0, -159902, 38238.2, 33.4869
225.5, 0, -159313, 38048.2, 47.78
226, 0, -158735, 37852.5, 60.4598
226.5, 0, -158169, 37651.1, 71.5264
227, 0, -157615, 37444, 80.9797
227.5, 0, -157072, 37231.2, 88.8199
228, 0, -156541, 37012.6, 95.0468
228.5, 0, -156022, 36788.3, 99.6605
229, 0, -155514, 36558.4, 102.661
229.5, 0, -155018, 36322.7, 104.048
230, 0, -154533, 36081.3, 103.822
230.5, 0, -154060, 35834.2, 101.983
231, 0, -153549, 35641.9, 75.509
231.5, 0, -153036, 35451, 49.4138
232, 0, -152524, 35260.3, 24.1056
232.5, 0, -152012, 35069.9, -0.415726
233, 0, -151499, 34879.8, -24.1501
233.5, 0, -150987, 34690, -47.0975
234, 0, -150474, 34500.4, -69.2579
234.5, 0, -149961, 34311.2, -90.6314
235, 0, -149449, 34129.4, -97.766
235.5, 0, -148944, 33959.4, -81.301
236, 0, -148444, 33788, -65.6786
236.5, 0, -147949, 33615.1, -50.8987
237, 0, -147458, 33440.9, -36.9613
237.5, 0, -146972, 33265.2, -23.8665
238, 0, -146491, 33088.1, -11.6141
238.5, 0, -146014, 32909.5, -0.204369
239, 0, -145543, 32729.5, 10.3629
239.5, 0, -145076, 32548.1, 20.0876
240, 0, -144614, 32365.3, 28.9698
240.5, 0, -144156, 32181.1, 37.0094
241, 0, -143704, 31995.4, 44.2065
241.5, 0, -143256, 31808.3, 50.5611
242, 0, -142813, 31619.7, 56.0731
242.5, 0, -142374, 31431.4, 59.6704
243, 0, -141931, 31264.3, 47.9289
243.5, 0, -141487, 31097.5, 35.3726
244, 0, -141044, 30931, 22.0015
244.5, 0, -140600, 30764.7, 7.81549
245, 0, -140157, 30598.8, -7.18535
245.5, 0, -139713, 30433.2, -23.001
246, 0, -139269, 30267.8, -39.6316
246.5, 0, -138825, 30102.8, -57.077
247, 0, -138386, 29940.5, -67.4213
247.5, 0, -137970, 29788.3, -43.0378
248, 0, -137556, 29634.7, -20.6054
248.5, 0, -137146, 29479.5, -0.124135
249, 0, -136738, 29322.8, 18.406
249.5, 0, -136333, 29164.6, 34.985
250, 0, -135931, 29004.9, 49.6129
250.5, 0, -135532, 28843.6, 62.2897
251, 0, -135135, 28680.8, 73.0154
251.5, 0, -134741, 28516.5, 81.79
252, 0, -134351, 28350.7, 88.6134
252.5, 0, -133962, 28183.3, 93.4857
253, 0, -133577, 28014.4, 96.4069
253.5, 0, -133194, 27844, 97.377
254, 0, -132815, 27672.1, 96.3959
254.5, 0, -132438, 27498.6, 93.4638
255, 0, -132058, 27334.8, 83.6052
255.5, 0, -131674, 27185.4, 66.6187
256, 0, -131289, 27036, 49.6322
256.5, 0, -130904, 26886.6, 32.6456
257, 0, -130519, 26737.1, 15.6591
257.5, 0, -130134, 26587.7, -1.32748
258, 0, -129749, 26438.3, -18.314
258.5, 0, -129364, 26288.9, -35.3006
259, 0, -128979, 26139.4, -52.2871
259.5, 0, -128593, 25991.8, -59.7404
260, 0, -128205, 25849.2, -39.2202
260.5, 0, -127821, 25706.3, -20.1507
261, 0, -127443, 25563, -2.53204
261.5, 0, -127069, 25419.5, 13.6358
262, 0, -126700, 25275.6, 28.3528
262.5, 0, -126336, 25131.4, 41.619
263, 0, -125976, 24986.8, 53.4344
263.5, 0, -125622, 24841.9, 63.799
264, 0, -125272, 24696.7, 72.7127
264.5, 0, -124927, 24551.2, 80.1757
265, 0, -124586, 24405.3, 86.1878
265.5, 0, -124251, 24259.1, 90.7491
266, 0, -123920, 24112.6, 93.8596
266.5, 0, -123594, 23965.8, 95.5193
267, 0, -123273, 23818.6, 95.7281
267.5, 0, -122957, 23671.1, 94.4862
268, 0, -122628, 23535.7, 77.6126
268.5, 0, -122295, 23404, 58.0403
269, 0, -121962, 23272.6, 40.3909
269.5, 0, -121629, 23141.3, 24.6644
270, 0, -121295, 23010.2, 10.8607
270.5, 0, -120961, 22879.2, -1.02005
271, 0, -120628, 22748.4, -10.978
271.5, 0, -120294, 22617.8, -19.013
272, 0, -119960, 22487.4, -25.1252
272.5, 0, -119626, 22357.1, -29.3146
273, 0, -119291, 22227, -31.581
273.5, 0, -118957, 22097.1, -31.9246
274, 0, -118627, 21969.5, -27.9837
274.5, 0, -118309, 21845.6, -19.333
275, 0, -117996, 21721.7, -10.8645
275.5, 0, -117688, 21597.6, -2.57813
276, 0, -117385, 21473.4, 5.52604
276.5, 0, -117087, 21349, 13.448
277, 0, -116794, 21224.5, 21.1878
277.5, 0, -116506, 21099.9, 28.7455
278, 0, -116223, 20975.1, 36.1209
278.5, 0, -115945, 20850.2, 43.3142
279, 0, -115672, 20725.2, 50.3253
279.5, 0, -115404, 20600, 57.1543
280, 0, -115141, 20474.8, 63.801
280.5, 0, -114883, 20349.3, 70.2656
281, 0, -114598, 20229.2, 65.5325
281.5, 0, -114308, 20109.9, 58.6942
282, 0, -114017, 19990.3, 52.1084
282.5, 0, -113727, 19870.3, 45.775
283, 0, -113436, 19750.1, 39.6939
283.5, 0, -113146, 19629.4, 33.8653
284, 0, -112856, 19508.5, 28.289
284.5, 0, -112566, 19387.2, 22.9651
285, 0, -112276, 19265.6, 17.8936
285.5, 0, -111987, 19143.7, 13.0745
286, 0, -111697, 19021.4, 8.50774
286.5, 0, -111408, 18898.8, 4.1934
287, 0, -111122, 18776.9, -0.0661976
287.5, 0, -110872, 18666.3, -6.50411
288, 0, -110622, 18555.8, -12.9426
288.5, 0, -110372, 18445.3, -19.3818
289, 0, -110121, 18334.7, -25.8215
289.5, 0, -109871, 18224.2, -32.2619
290, 0, -109621, 18113.7, -38.7028
290.5, 0, -109371, 18003.2, -45.1444
291, 0, -109121, 17892.6, -51.5866
291.5, 0, -108871, 17782.1, -58.0294
292, 0, -108621, 17671.6, -64.4728
292.5, 0, -108371, 17561, -70.9169
293, 0, -108121, 17450.5, -77.3615
293.5, 0, -107871, 17339.9, -83.8068
294, 0, -107618, 17229.4, -88.3595
294.5, 0, -107344, 17118.9, -75.5671
295, 0, -107074, 17008.6, -63.6497
295.5, 0, -106806, 16898.5, -52.6071
296, 0, -106542, 16788.5, -42.4395
296.5, 0, -106281, 16678.7, -33.1468
297, 0, -106022, 16569, -24.7291
297.5, 0, -105767, 16459.6, -17.1862
298, 0, -105515, 16350.3, -10.5183
298.5, 0, -105266, 16241.1, -4.72537
299, 0, -105021, 16132.2, 0.19267
299.5, 0, -104778, 16023.4, 4.23578
300, 0, -104538, 15914.7, 7.40396
300.5, 0, -104319, 15811.1, -0.491005
301, 0, -104106, 15709.6, -11.3724
301.5, 0, -103893, 15608.6, -21.2962
302, 0, -103681, 15508, -30.2624
302.5, 0, -103469, 15408, -38.271
303, 0, -103258, 15308.4, -45.322
303.5, 0, -103047, 15209.3, -51.4153
304, 0, -102836, 15110.7, -56.551
304.5, 0, -102626, 15012.6, -60.7291
305, 0, -102416, 14914.9, -63.9496
305.5, 0, -102206, 14817.8, -66.2124
306, 0, -101996, 14721.1, -67.5176
306.5, 0, -101788, 14624.9, -67.8653
307, 0, -101579, 14529.2, -67.2552
307.5, 0, -101371, 14433.9, -65.6876
308, 0, -101163, 14339.2, -63.1624
308.5, 0, -100955, 14244.9, -59.6795
309, 0, -100740, 14151.7, -53.612
309.5, 0, -100518, 14059.2, -45.9482
310, 0, -100298, 13967.1, -38.2767
310.5, 0, -100079, 13875.2, -30.5974
311, 0, -99860.4, 13783.7, -22.9104
311.5, 0, -99643.4, 13692.4, -15.2155
312, 0, -99427.5, 13601.4, -7.51289
312.5, 0, -99220.5, 13510.3, 0.740032
313, 0, -99027.3, 13418.8, 10.9476
313.5, 0, -98834, 13327.4, 22.6516
314, 0, -98640.6, 13236.1, 35.8523
314.5, 0, -98447.2, 13145, 50.5495
315, 0, -98253.7, 13054, 66.7433
315.5, 0, -98051.5, 12960, 59.5114
316, 0, -97850, 12866.3, 51.9365
316.5, 0, -97649.4, 12773, 44.8491
317, 0, -97449.8, 12680.1, 38.2491
317.5, 0, -97251, 12587.6, 32.1365
318, 0, -97053.1, 12495.5, 26.5114
318.5, 0, -96856.2, 12403.8, 21.3737
319, 0, -96660.1, 12312.5, 16.7234
319.5, 0, -96465, 12221.6, 12.5606
320, 0, -96270.7, 12131.1, 8.88527
320.5, 0, -96077.4, 12041, 5.69735
321, 0, -95885, 11951.3, 2.99688
321.5, 0, -95693.5, 11862, 0.783842
322, 0, -95502.9, 11773.1, -0.94175
322.5, 0, -95313.3, 11684.7, -2.1799
323, 0, -95124.5, 11596.6, -2.93061
323.5, 0, -94936.6, 11508.9, -3.19388
324, 0, -94749.7, 11421.6, -2.9697
324.5, 0, -94563.6, 11334.7, -2.25808
325, 0, -94378.5, 11248.3, -1.05902
325.5, 0, -94194.3, 11162.2, 0.627478
326, 0, -94011, 11076.5, 2.80142
326.5, 0, -93834.1, 10996.8, 9.84638
327, 0, -93658.9, 10917.1, 16.7966
327.5, 0, -93485, 10836.8, 23.2922
328, 0, -93312.4, 10756, 29.333
328.5, 0, -93141, 10674.7, 34.9192
329, 0, -92973.3, 10599.7, 32.0294
329.5, 0, -92807.2, 10526.4, 26.9691
330, 0, -92642.1, 10453, 22.1346
330.5, 0, -92477.7, 10379.3, 17.5259
331, 0, -92314.3, 10305.4, 13.1432
331.5, 0, -92151.7, 10231.3, 8.9863
332, 0, -91990, 10157, 5.05531
332.5, 0, -91829.1, 10082.4, 1.35019
333, 0, -91669.2, 10007.7, -2.12905
333.5, 0, -91510, 9932.7, -5.38241
334, 0, -91351.8, 9857.51, -8.40989
334.5, 0, -91194.4, 9782.1, -11.2115
335, 0, -91037.9, 9706.48, -13.7872
335.5, 0, -90882.3, 9630.64, -16.1371
336, 0, -90727.5, 9554.59, -18.2611
336.5, 0, -90573.5, 9478.32, -20.1592
337, 0, -90420.5, 9401.83, -21.8314
337.5, 0, -90268.3, 9325.13, -23.2777
338, 0, -90117, 9248.22, -24.4982
338.5, 0, -89966.5, 9171.08, -25.4928
339, 0, -89817, 9093.73, -26.2615
339.5, 0, -89668.2, 9016.17, -26.8043
340, 0, -89520.4, 8938.39, -27.1212
340.5, 0, -89360.3, 8858.81, -23.9675
341, 0, -89182.5, 8776.84, -16.1156
341.5, 0, -89006.5, 8694.83, -8.37098
342, 0, -88841.6, 8615.64, -0.154274
342.5, 0, -88714.8, 8548.14, 10.1125
343, 0, -88588.2, 8481.05, 20.0054
343.5, 0, -88461.7, 8414.37, 29.5242
344, 0, -88335.2, 8348.11, 38.669
344.5, 0, -88208.9, 8282.25, 47.4399
345, 0, -88076, 8216.84, 53.45
345.5, 0, -87924.7, 8151.61, 52.4384
346, 0, -87774, 8086.3, 51.3023
346.5, 0, -87624, 8020.89, 50.0419
347, 0, -87474.7, 7955.4, 48.657
347.5, 0, -87326.1, 7889.81, 47.1478
348, 0, -87178.1, 7824.14, 45.5142
348.5, 0, -87030.8, 7758.38, 43.7563
349, 0, -86884.2, 7692.53, 41.8739
349.5, 0, -86738.2, 7626.59, 39.8672
350, 0, -86592.9, 7560.56, 37.7361
350.5, 0, -86448.3, 7494.45, 35.4806
351, 0, -86304.4, 7428.24, 33.1007
351.5, 0, -86161.1, 7361.94, 30.5965
352, 0, -86018.5, 7295.56, 27.9678
352.5, 0, -85876.5, 7229.08, 25.2148
353, 0, -85735.2, 7162.52, 22.3374
353.5, 0, -85594.6, 7095.87, 19.3356
354, 0, -85454.7, 7029.13, 16.2095
354.5, 0, -85315.4, 6962.3, 12.9589
355, 0, -85176.8, 6895.38, 9.584
355.5, 0, -85038.9, 6828.37, 6.0847
356, 0, -84901.7, 6761.27, 2.46101
356.5, 0, -84765.1, 6694.08, -1.28706
357, 0, -84629.1, 6626.81, -5.15951
357.5, 0, -84496.3, 6559.92, -8.18719
358, 0, -84378.7, 6496.28, -5.44244
358.5, 0, -84261.8, 6433.27, -2.89132
359, 0, -84145.5, 6370.89, -0.533842
359.5, 0, -84029.8, 6309.14, 1.63
360, 0, -83914.7, 6248.01, 3.60021
360.5, 0, -83800.3, 6187.5, 5.37678
361, 0, -83686.5, 6127.63, 6.95971
361.5, 0, -83573.3, 6068.38, 8.34901
362, 0, -83460.8, 6009.75, 9.54468
362.5, 0, -83348.9, 5951.76, 10.5467
363, 0, -83237.6, 5894.39, 11.3551
363.5, 0, -83126.9, 5837.64, 11.9699
364, 0, -83016.9, 5781.52, 12.391
364.5, 0, -82907.5, 5726.03, 12.6185
365, 0, -82798.7, 5671.17, 12.6523
365.5, 0, -82690.6, 5616.93, 12.4925
366, 0, -82583.1, 5563.31, 12.1391
366.5, 0, -82476.2, 5510.33, 11.592
367, 0, -82369.9, 5457.97, 10.8513
367.5, 0, -82264.3, 5406.24, 9.917
368, 0, -82159.3, 5355.13, 8.78903
368.5, 0, -82054.9, 5304.65, 7.46743
369, 0, -81951.2, 5254.79, 5.95219
369.5, 0, -81848.1, 5205.57, 4.24332
370, 0, -81745.6, 5156.97, 2.3408
370.5, 0, -81643.7, 5108.99, 0.244657
371, 0, -81537.8, 5060.52, 1.28327
371.5, 0, -81417, 5008.9, 13.0392
372, 0, -81296, 4957.72, 24.698
372.5, 0, -81175, 4906.98, 36.2597
373, 0, -81053.9, 4856.68, 47.7243
373.5, 0, -80940.3, 4806.43, 55.497
374, 0, -80850.6, 4755.05, 51.8306
374.5, 0, -80761.8, 4703.49, 47.794
375, 0, -80650.8, 4649.24, 44.0112
375.5, 0, -80537.3, 4594.71, 40.4439
376, 0, -80425.1, 4540.35, 37.0249
376.5, 0, -80314.2, 4486.17, 33.7542
377, 0, -80204.6, 4432.16, 30.6318
377.5, 0, -80096.4, 4378.33, 27.6577
378, 0, -79989.5, 4324.67, 24.8318
378.5, 0, -79883.9, 4271.18, 22.1542
379, 0, -79779.6, 4217.86, 19.6248
379.5, 0, -79676.6, 4164.72, 17.2438
380, 0, -79575, 4111.76, 15.011
380.5, 0, -79474.7, 4058.96, 12.9265
381, 0, -79375.7, 4006.34, 10.9903
381.5, 0, -79278.1, 3953.9, 9.20231
382, 0, -79181.7, 3901.63, 7.56263
382.5, 0, -79086.7, 3849.53, 6.07122
383, 0, -78993, 3797.6, 4.72809
383.5, 0, -78900.6, 3745.85, 3.53323
384, 0, -78809.6, 3694.27, 2.48664
384.5, 0, -78719.8, 3642.87, 1.58833
385, 0, -78631.4, 3591.64, 0.838293
385.5, 0, -78544.4, 3540.58, 0.23653
386, 0, -78458.6, 3489.7, -0.216958
386.5, 0, -78373.7, 3438.59, -0.485599
387, 0, -78288.2, 3386.39, -0.413549
387.5, 0, -78204, 3334.52, -0.0806631
388, 0, -78121.1, 3282.98, 0.513058
388.5, 0, -78039.3, 3231.78, 1.36762
389, 0, -77958.7, 3180.9, 2.48301
389.5, 0, -77879.3, 3130.36, 3.85924
390, 0, -77797.5, 3082.25, 2.62963
390.5, 0, -77708.8, 3038.43, -4.4234
391, 0, -77618.1, 2999.91, -4.56019
391.5, 0, -77527.3, 2962.61, -3.08674
392, 0, -77437, 2925.18, -1.78001
392.5, 0, -77347.4, 2887.63, -0.639995
393, 0, -77258.3, 2849.95, 0.333297
393.5, 0, -77169.7, 2812.14, 1.13987
394, 0, -77081.8, 2774.21, 1.77972
394.5, 0, -76994.4, 2736.15, 2.25286
395, 0, -76907.5, 2697.96, 2.55927
395.5, 0, -76821.3, 2659.64, 2.69897
396, 0, -76735.5, 2621.2, 2.67195
396.5, 0, -76650.4, 2582.63, 2.4782
397, 0, -76565.8, 2543.93, 2.11774
397.5, 0, -76481.8, 2505.11, 1.59056
398, 0, -76398.3, 2466.16, 0.896659
398.5, 0, -76315.4, 2427.08, 0.0360389
399, 0, -76233.1, 2387.88, -0.991301
399.5, 0, -76151.3, 2348.54, -2.18536
400, 0, -76070.1, 2309.08, -3.54614
400.5, 0, -75989.5, 2269.5, -5.07364
401, 0, -75909.4, 2229.78, -6.76785
401.5, 0, -75829.9, 2189.94, -8.62879
402, 0, -75751, 2149.97, -10.6564
402.5, 0, -75672.6, 2109.88, -12.8508
403, 0, -75594.8, 2069.65, -15.2119
403.5, 0, -75517.5, 2029.3, -17.7397
404, 0, -75440.8, 1988.83, -20.4343
404.5, 0, -75364.7, 1948.22, -23.2955
405, 0, -75289.1, 1907.49, -26.3235
405.5, 0, -75214.1, 1866.63, -29.5182
406, 0, -75139.7, 1825.64, -32.8796
406.5, 0, -75065.9, 1784.53, -36.4077
407, 0, -74994.5, 1745.01, -40.5615
407.5, 0, -74927.1, 1708.02, -45.3849
408, 0, -74860.6, 1672.11, -42.6719
408.5, 0, -74794.6, 1636.49, -39.9815
409, 0, -74729.1, 1601.15, -37.3137
409.5, 0, -74664.1, 1566.1, -34.6685
410, 0, -74599.5, 1531.33, -32.0459
410.5, 0, -74535.5, 1496.84, -29.446
411, 0, -74472, 1462.64, -26.8686
411.5, 0, -74409, 1428.73, -24.314
412, 0, -74346.5, 1395.1, -21.7819
412.5, 0, -74284.5, 1361.75, -19.2724
413, 0, -74223.1, 1328.69, -16.7856
413.5, 0, -74162.1, 1295.91, -14.3214
414, 0, -74101.6, 1263.42, -11.8798
414.5, 0, -74041.6, 1231.22, -9.46088
415, 0, -73982.2, 1199.29, -7.06455
415.5, 0, -73923.2, 1167.66, -4.69084
416, 0, -73864.7, 1136.3, -2.33975
416.5, 0, -73806.8, 1105.24, -0.011292
417, 0, -73749.3, 1074.46, 2.29455
417.5, 0, -73692.4, 1043.96, 4.57776
418, 0, -73636, 1013.74, 6.83836
418.5, 0, -73580, 983.817, 9.07633
419, 0, -73524.6, 954.174, 11.2917
419.5, 0, -73469.7, 924.815, 13.4844
420, 0, -73415.2, 895.742, 15.6545
420.5, 0, -73361.3, 866.953, 17.802
421, 0, -73307.9, 838.449, 19.9268
421.5, 0, -73255, 810.23, 22.0291
422, 0, -73202.6, 782.295, 24.1087
422.5, 0, -73150.7, 754.646, 26.1657
423, 0, -73099.3, 727.281, 28.2
423.5, 0, -73048.4, 700.201, 30.2118
424, 0, -72998, 673.406, 32.2009
424.5, 0, -72947.8, 645.249, 32.2644
425, 0, -72896, 614.551, 28.6389
425.5, 0, -72837.2, 582.489, 20.5913
426, 0, -72778.8, 550.735, 12.9474
426.5, 0, -72720.9, 519.29, 5.70719
427, 0, -72663.6, 488.152, -1.12924
427.5, 0, -72606.8, 457.323, -7.56192
428, 0, -72550.5, 426.802, -13.5909
428.5, 0, -72494.7, 396.589, -19.2161
429, 0, -72439.4, 366.685, -24.4375
429.5, 0, -72384.6, 337.088, -29.2552
430, 0, -72330.4, 307.8, -33.6692
430.5, 0, -72276.6, 278.82, -37.6794
431, 0, -72223.4, 250.148, -41.2859
431.5, 0, -72170.7, 221.785, -44.4887
432, 0, -72118.5, 193.729, -47.2877
432.5, 0, -72066.8, 165.982, -49.683
433, 0, -72015.6, 138.543, -51.6745
433.5, 0, -71965, 111.412, -53.2623
434, 0, -71914.8, 84.589, -54.4464
434.5, 0, -71865.2, 58.0744, -55.2267
435, 0, -71816, 31.868, -55.6032
435.5, 0, -71767.4, 5.96983, -55.5761
436, 0, -71719.3, -19.6202, -55.1451
436.5, 0, -71671.8, -44.902, -54.3105
437, 0, -71624.7, -69.8757, -53.0721
437.5, 0, -71578.1, -94.5412, -51.4299
438, 0, -71532.1, -118.898, -49.3841
438.5, 0, -71486.5, -142.948, -46.9344
439, 0, -71441.5, -166.689, -44.0811
439.5, 0, -71397, -190.121, -40.824
440, 0, -71353, -213.246, -37.1631
440.5, 0, -71309.6, -236.062, -33.0986
441, 0, -71266.6, -258.57, -28.6302
441.5, 0, -71224.1, -280.77, -23.7582
442, 0, -71182.2, -302.662, -18.4824
442.5, 0, -71136.9, -324.025, -18.3902
443, 0, -71092.7, -343.726, -18.6556
443.5, 0, -71053, -363.09, -14.1701
444, 0, -71014, -382.394, -9.85534
444.5, 0, -70975.7, -401.636, -5.71152
445, 0, -70938, -420.817, -1.73859
445.5, 0, -70901.1, -439.936, 2.06346
446, 0, -70864.8, -458.995, 5.69462
446.5, 0, -70829.3, -477.992, 9.15489
447, 0, -70794.4, -496.928, 12.4443
447.5, 0, -70760.3, -515.802, 15.5628
448, 0, -70726.9, -534.616, 18.5104
448.5, 0, -70694.1, -553.368, 21.2871
449, 0, -70662, -572.059, 23.8929
449.5, 0, -70630.7, -590.689, 26.3279
450, 0, -70600, -609.257, 28.592
450.5, 0, -70570.1, -627.765, 30.6851
451, 0, -70540.8, -646.211, 32.6074
451.5, 0, -70512.2, -664.596, 34.3588
452, 0, -70484.4, -682.92, 35.9393
452.5, 0, -70457.2, -701.182, 37.349
453, 0, -70430.7, -719.383, 38.5877
453.5, 0, -70404.9, -737.523, 39.6556
454, 0, -70379.9, -755.602, 40.5525
454.5, 0, -70355.5, -773.619, 41.2786
455, 0, -70331.8, -791.576, 41.8338
455.5, 0, -70308.8, -809.471, 42.2181
456, 0, -70286.5, -827.305, 42.4315
456.5, 0, -70264.9, -845.077, 42.474
457, 0, -70244.1, -862.789, 42.3457
457.5, 0, -70223.9, -880.439, 42.0464
458, 0, -70204.4, -898.028, 41.5763
458.5, 0, -70185.6, -915.556, 40.9353
459, 0, -70167.5, -933.022, 40.1234
459.5, 0, -70150.1, -950.428, 39.1406
460, 0, -70133.3, -967.772, 37.9869
460.5, 0, -70117.3, -985.054, 36.6623
461, 0, -70102, -1002.28, 35.1669
461.5, 0, -70071.6, -1015.86, 31.8901
462, 0, -70028.5, -1025.36, 32.0951
462.5, 0, -69986.7, -1034.9, 32.2898
463, 0, -69946.2, -1044.48, 32.4742
463.5, 0, -69906.9, -1054.11, 32.6483
464, 0, -69868.9, -1063.78, 32.8121
464.5, 0, -69832.2, -1073.49, 32.9656
465, 0, -69796.7, -1083.24, 33.1088
465.5, 0, -69762.6, -1093.03, 33.2417
466, 0, -69729.6, -1102.87, 33.3643
466.5, 0, -69698, -1112.75, 33.4766
467, 0, -69667.6, -1122.67, 33.5786
467.5, 0, -69638.5, -1132.63, 33.6703
468, 0, -69610.7, -1142.63, 33.7517
468.5, 0, -69584.1, -1152.68, 33.8228
469, 0, -69558.8, -1162.77, 33.8836
469.5, 0, -69534.8, -1172.9, 33.9341
470, 0, -69512, -1183.07, 33.9742
470.5, 0, -69490.5, -1193.28, 34.0041
471, 0, -69470.3, -1203.54, 34.0237
471.5, 0, -69451.4, -1213.84, 34.033
472, 0, -69433.7, -1224.18, 34.032
472.5, 0, -69417.3, -1234.56, 34.0206
473, 0, -69402.1, -1244.98, 33.999
473.5, 0, -69388.2, -1255.45, 33.9671
474, 0, -69375.6, -1265.95, 33.9248
474.5, 0, -69364.3, -1276.5, 33.8723
475, 0, -69354.2, -1287.1, 33.8095
475.5, 0, -69345.4, -1297.73, 33.7364
476, 0, -69337.9, -1308.41, 33.6529
476.5, 0, -69331.6, -1319.12, 33.5592
477, 0, -69326.6, -1329.88, 33.4552
477.5, 0, -69322.9, -1340.69, 33.3408
478, 0, -69320.5, -1351.53, 33.2162
478.5, 0, -69319.3, -1362.41, 33.0812
479, 0, -69319.4, -1373.34, 32.936
479.5, 0, -69320.7, -1384.31, 32.7805
480, 0, -69323.3, -1395.32, 32.6146
480.5, 0, -69316.6, -1402.96, 32.4959
481, 0, -69293.7, -1405.29, 32.5229
481.5, 0, -69271.3, -1407.75, 32.6333
482, 0, -69249.5, -1410.36, 32.8272
482.5, 0, -69228.3, -1413.11, 33.1044
483, 0, -69207.6, -1416.01, 33.465
483.5, 0, -69187.5, -1419.04, 33.909
484, 0, -69168, -1422.21, 34.4364
484.5, 0, -69148.9, -1425.53, 35.0472
485, 0, -69130.5, -1428.99, 35.7414
485.5, 0, -69112.6, -1432.59, 36.519
486, 0, -69095.3, -1436.33, 37.38
486.5, 0, -69078.5, -1440.21, 38.3244
487, 0, -69062.2, -1444.23, 39.3523
487.5, 0, -69046.6, -1448.39, 40.4635
488, 0, -69031.4, -1452.7, 41.6581
488.5, 0, -69016.9, -1457.14, 42.9361
489, 0, -69002.9, -1461.73, 44.2975
489.5, 0, -68989.4, -1466.46, 45.7423
490, 0, -68976.5, -1471.33, 47.2705
490.5, 0, -68964.2, -1476.34, 48.8821
491, 0, -68952.4, -1481.49, 50.5771
491.5, 0, -68941.2, -1486.78, 52.3555
492, 0, -68930.5, -1492.22, 54.2173
492.5, 0, -68920.4, -1497.79, 56.1625
493, 0, -68910.8, -1503.51, 58.1912
493.5, 0, -68901.8, -1509.37, 60.3032
494, 0, -68893.4, -1515.37, 62.4986
494.5, 0, -68885.5, -1521.51, 64.7774
495, 0, -68878.1, -1527.79, 67.1396
495.5, 0, -68871.3, -1534.21, 69.5852
496, 0, -68865.1, -1540.78, 72.1142
496.5, 0, -68859.4, -1547.48, 74.7266
497, 0, -68854.3, -1554.33, 77.4224
497.5, 0, -68849.8, -1561.32, 80.2016
498, 0, -68845.8, -1568.45, 83.0642
498.5, 0, -68842.3, -1575.72, 86.0102
499, 0, -68839.4, -1583.13, 89.0396
499.5, 0, -68837.1, -1590.69, 92.1524
