x,y,sigxx,sigyy,sigxy
0, 0, -2.86774e+06, -2.81724e+06, -970.506
0.5, 0, -2.86748e+06, -2.7548e+06, -312.591
1, 0, -2.8672e+06, -2.69248e+06, 215.069
1.5, 0, -2.86691e+06, -2.63027e+06, 612.474
2, 0, -2.8666e+06, -2.56818e+06, 879.625
2.5, 0, -2.86626e+06, -2.5063e+06, 963.007
3, 0, -2.86574e+06, -2.44519e+06, 597.718
3.5, 0, -2.86521e+06, -2.38408e+06, 232.429
4, 0, -2.86469e+06, -2.32298e+06, -132.859
4.5, 0, -2.86417e+06, -2.26187e+06, -498.148
5, 0, -2.86332e+06, -2.20095e+06, -330.874
5.5, 0, -2.86166e+06, -2.14086e+06, 938.777
6, 0, -2.85999e+06, -2.08132e+06, 1875.35
6.5, 0, -2.85831e+06, -2.02233e+06, 2478.84
7, 0, -2.85662e+06, -1.96388e+06, 2749.26
7.5, 0, -2.85472e+06, -1.90606e+06, 2381.32
8, 0, -2.85209e+06, -1.84903e+06, 1096.35
8.5, 0, -2.84928e+06, -1.79267e+06, -85.3507
9, 0, -2.84627e+06, -1.73698e+06, -1163.78
9.5, 0, -2.84306e+06, -1.68194e+06, -2138.94
10, 0, -2.83913e+06, -1.62742e+06, -2001.49
10.5, 0, -2.83391e+06, -1.57337e+06, 288.763
11, 0, -2.82884e+06, -1.52027e+06, 1971.73
11.5, 0, -2.82392e+06, -1.46813e+06, 3047.41
12, 0, -2.81914e+06, -1.41694e+06, 3515.81
12.5, 0, -2.81425e+06, -1.36701e+06, 3251.79
13, 0, -2.80735e+06, -1.31979e+06, 1740.3
13.5, 0, -2.8005e+06, -1.27239e+06, 239.693
14, 0, -2.79371e+06, -1.22482e+06, -1250.03
14.5, 0, -2.78698e+06, -1.17707e+06, -2728.88
15, 0, -2.7803e+06, -1.12915e+06, -4196.85
15.5, 0, -2.77035e+06, -1.08368e+06, -1417.46
16, 0, -2.76083e+06, -1.03931e+06, 727.158
16.5, 0, -2.75177e+06, -996032, 2204.23
17, 0, -2.74317e+06, -953839, 3013.76
17.5, 0, -2.73503e+06, -912734, 3155.74
18, 0, -2.72526e+06, -874007, 2111.55
18.5, 0, -2.71429e+06, -836292, 617.049
19, 0, -2.70332e+06, -798576, -877.452
19.5, 0, -2.69234e+06, -760860, -2371.95
20, 0, -2.68137e+06, -723145, -3866.45
20.5, 0, -2.66948e+06, -686827, -4228.13
21, 0, -2.65559e+06, -653792, -2141.16
21.5, 0, -2.64193e+06, -620782, -358.656
22, 0, -2.6285e+06, -587797, 1119.4
22.5, 0, -2.6153e+06, -554837, 2293
23, 0, -2.60232e+06, -521902, 3162.14
23.5, 0, -2.58886e+06, -492742, 2271.41
24, 0, -2.57517e+06, -464598, 909.875
24.5, 0, -2.56143e+06, -436534, -534.803
25, 0, -2.54762e+06, -408551, -2062.62
25.5, 0, -2.53376e+06, -380648, -3673.58
26, 0, -2.51904e+06, -354382, -4219.63
26.5, 0, -2.5031e+06, -330839, -2910.83
27, 0, -2.48743e+06, -307220, -1816.26
27.5, 0, -2.47203e+06, -283525, -935.924
28, 0, -2.4569e+06, -259754, -269.815
28.5, 0, -2.44203e+06, -235906, 182.065
29, 0, -2.42585e+06, -215099, -288.645
29.5, 0, -2.40908e+06, -195526, -1072.82
30, 0, -2.3923e+06, -175954, -1856.55
30.5, 0, -2.37553e+06, -156382, -2639.84
31, 0, -2.35876e+06, -136811, -3422.69
31.5, 0, -2.34187e+06, -117643, -3973.82
32, 0, -2.32443e+06, -101204, -3112.28
32.5, 0, -2.30725e+06, -84974.4, -2395.45
33, 0, -2.29035e+06, -68953.6, -1823.32
33.5, 0, -2.27371e+06, -53141.9, -1395.89
34, 0, -2.25735e+06, -37539.4, -1113.16
34.5, 0, -2.24094e+06, -22404, -1020.13
35, 0, -2.22358e+06, -8451.64, -1184.03
35.5, 0, -2.20607e+06, 4956.2, -1459.09
36, 0, -2.18841e+06, 17819.6, -1845.3
36.5, 0, -2.17059e+06, 30138.4, -2342.66
37, 0, -2.15262e+06, 41912.8, -2951.17
37.5, 0, -2.13494e+06, 52636.5, -3191.08
38, 0, -2.11777e+06, 62572.1, -2863.4
38.5, 0, -2.1006e+06, 72503, -2537.87
39, 0, -2.08344e+06, 82429, -2214.49
39.5, 0, -2.06627e+06, 92350.2, -1893.27
40, 0, -2.04911e+06, 102267, -1574.2
40.5, 0, -2.0319e+06, 111777, -1391.66
41, 0, -2.01456e+06, 120419, -1332.33
41.5, 0, -1.99713e+06, 128701, -1152.92
42, 0, -1.97959e+06, 136623, -853.448
42.5, 0, -1.96195e+06, 144185, -433.9
43, 0, -1.94421e+06, 151387, 105.721
43.5, 0, -1.92712e+06, 157859, 467.958
44, 0, -1.91102e+06, 163724, 459.383
44.5, 0, -1.89493e+06, 169589, 450.804
45, 0, -1.87883e+06, 175453, 442.221
45.5, 0, -1.86274e+06, 181318, 433.633
46, 0, -1.84664e+06, 187183, 425.041
46.5, 0, -1.83033e+06, 192884, 356.063
47, 0, -1.81323e+06, 197830, 7.49369
47.5, 0, -1.79621e+06, 202609, -403.966
48, 0, -1.77928e+06, 207220, -878.317
48.5, 0, -1.76242e+06, 211665, -1415.56
49, 0, -1.74565e+06, 215942, -2015.69
49.5, 0, -1.7296e+06, 219728, -2465.89
50, 0, -1.71639e+06, 222232, -2115.15
50.5, 0, -1.70362e+06, 224850, -1794.18
51, 0, -1.6913e+06, 227580, -1503
51.5, 0, -1.67383e+06, 229941, -1063.7
52, 0, -1.65706e+06, 232357, -778.936
52.5, 0, -1.64102e+06, 234831, -649.732
53, 0, -1.6257e+06, 237362, -676.083
53.5, 0, -1.6111e+06, 239950, -857.99
54, 0, -1.59723e+06, 242595, -1195.45
54.5, 0, -1.58289e+06, 244459, -1210.5
55, 0, -1.56829e+06, 245912, -1077.52
55.5, 0, -1.55388e+06, 247313, -994.014
56, 0, -1.53965e+06, 248661, -959.974
56.5, 0, -1.5256e+06, 249957, -975.401
57, 0, -1.51175e+06, 251199, -1040.3
57.5, 0, -1.49765e+06, 252480, -1139.49
58, 0, -1.48214e+06, 253984, -1152.38
58.5, 0, -1.46751e+06, 255190, -1103.96
59, 0, -1.45375e+06, 256098, -994.227
59.5, 0, -1.44087e+06, 256708, -823.186
60, 0, -1.42886e+06, 257019, -590.835
60.5, 0, -1.41772e+06, 257033, -297.174
61, 0, -1.40584e+06, 257163, -307.668
61.5, 0, -1.39332e+06, 257441, -481.327
62, 0, -1.38081e+06, 257719, -654.985
62.5, 0, -1.3683e+06, 257997, -828.644
63, 0, -1.35579e+06, 258275, -1002.3
63.5, 0, -1.34328e+06, 258553, -1175.96
64, 0, -1.33077e+06, 258831, -1349.62
64.5, 0, -1.31882e+06, 258769, -898.442
65, 0, -1.30704e+06, 258681, -532.014
65.5, 0, -1.29542e+06, 258570, -259.964
66, 0, -1.28397e+06, 258437, -82.2937
66.5, 0, -1.27268e+06, 258281, 0.998179
67, 0, -1.26155e+06, 258104, -10.0887
67.5, 0, -1.25052e+06, 257866, -156.828
68, 0, -1.2391e+06, 257399, -527.302
68.5, 0, -1.22754e+06, 256925, -814.73
69, 0, -1.21585e+06, 256445, -1019.11
69.5, 0, -1.20402e+06, 255958, -1140.44
70, 0, -1.19242e+06, 255514, -1013.42
70.5, 0, -1.18192e+06, 255127, -487.155
71, 0, -1.17178e+06, 254641, -21.2833
71.5, 0, -1.16199e+06, 254054, 384.191
72, 0, -1.15257e+06, 253367, 729.268
72.5, 0, -1.14349e+06, 252580, 1013.95
73, 0, -1.13478e+06, 251694, 1238.23
73.5, 0, -1.12642e+06, 250707, 1402.12
74, 0, -1.11842e+06, 249621, 1505.6
74.5, 0, -1.11078e+06, 248434, 1548.69
75, 0, -1.10073e+06, 247322, 1031.18
75.5, 0, -1.09076e+06, 246232, 451.557
76, 0, -1.08087e+06, 245163, -189.917
76.5, 0, -1.07105e+06, 244116, -893.242
77, 0, -1.06188e+06, 243166, -1612.87
77.5, 0, -1.05311e+06, 242150, -2273.54
78, 0, -1.04425e+06, 241174, -2599.43
78.5, 0, -1.03369e+06, 240675, -1721.11
79, 0, -1.02343e+06, 240087, -1002.38
79.5, 0, -1.01349e+06, 239409, -443.236
80, 0, -1.00386e+06, 238641, -43.6777
80.5, 0, -994545, 237784, 196.295
81, 0, -985536, 236837, 276.682
81.5, 0, -976839, 235801, 197.483
82, 0, -968453, 234675, -41.3018
82.5, 0, -960377, 233460, -439.672
83, 0, -952612, 232154, -997.628
83.5, 0, -944986, 230920, -1588.9
84, 0, -937448, 229835, -2034.37
84.5, 0, -930255, 228676, -2461.02
85, 0, -923405, 227443, -2868.85
85.5, 0, -916339, 226296, -2802.3
86, 0, -909040, 225221, -2492.79
86.5, 0, -901740, 224145, -2182.58
87, 0, -894441, 223070, -1871.68
87.5, 0, -887141, 221994, -1560.09
88, 0, -879843, 220919, -1247.8
88.5, 0, -872544, 219843, -934.816
89, 0, -865245, 218767, -621.137
89.5, 0, -857947, 217692, -306.762
90, 0, -850649, 216616, 8.30736
90.5, 0, -843352, 215540, 324.072
91, 0, -836722, 214372, 264.281
91.5, 0, -830737, 213110, -89.0103
92, 0, -824917, 211821, -445.235
92.5, 0, -819261, 210505, -804.392
93, 0, -812970, 209337, -1009.07
93.5, 0, -806455, 208229, -1108.86
94, 0, -800074, 207102, -1168.75
94.5, 0, -793827, 205956, -1188.74
95, 0, -787714, 204790, -1168.82
95.5, 0, -781734, 203605, -1109.01
96, 0, -775889, 202401, -1009.29
96.5, 0, -770177, 201178, -869.671
97, 0, -764600, 199935, -690.152
97.5, 0, -759156, 198673, -470.731
98, 0, -753846, 197391, -211.409
98.5, 0, -748671, 196138, -81.9787
99, 0, -743548, 195015, -447.637
99.5, 0, -738424, 193892, -836.076
100, 0, -733299, 192768, -1247.3
100.5, 0, -727902, 191722, -1584.13
101, 0, -721793, 190879, -1618.81
101.5, 0, -715806, 190000, -1609.97
102, 0, -709940, 189084, -1557.63
102.5, 0, -704196, 188132, -1461.77
103, 0, -698574, 187144, -1322.41
103.5, 0, -693074, 186119, -1139.54
104, 0, -687695, 185058, -913.153
104.5, 0, -682438, 183961, -643.262
105, 0, -677303, 182827, -329.861
105.5, 0, -672289, 181657, 27.0494
106, 0, -667397, 180451, 427.469
106.5, 0, -662798, 179284, 566.017
107, 0, -658422, 178192, 374.422
107.5, 0, -654046, 177101, 181.653
108, 0, -649671, 176011, -12.2916
108.5, 0, -645292, 174961, -133.876
109, 0, -640907, 173989, -116.509
109.5, 0, -636522, 173016, -99.1431
110, 0, -632137, 172044, -81.7774
110.5, 0, -627752, 171071, -64.4122
111, 0, -623368, 170099, -47.0476
111.5, 0, -618983, 169126, -29.6836
112, 0, -614598, 168154, -12.3202
112.5, 0, -610213, 167181, 5.04262
113, 0, -605829, 166209, 22.4049
113.5, 0, -601444, 165236, 39.7666
114, 0, -597059, 164264, 57.1277
114.5, 0, -592745, 163301, 23.3562
115, 0, -588710, 162390, -255.145
115.5, 0, -584669, 161500, -603.92
116, 0, -580597, 160626, -682.44
116.5, 0, -576598, 159737, -586.705
117, 0, -572707, 158831, -490.699
117.5, 0, -568924, 157907, -394.42
118, 0, -565249, 156966, -297.87
118.5, 0, -561682, 156007, -201.047
119, 0, -558223, 155031, -103.953
119.5, 0, -554871, 154037, -6.58638
120, 0, -551627, 153026, 91.0521
120.5, 0, -548491, 151998, 188.963
121, 0, -545463, 150952, 287.145
121.5, 0, -542542, 149888, 385.599
122, 0, -539730, 148807, 484.326
122.5, 0, -536824, 147756, 430.727
123, 0, -533434, 146793, -39.5451
123.5, 0, -530049, 145794, -515.386
124, 0, -525961, 145165, -432.64
124.5, 0, -521971, 144515, -358.201
125, 0, -518078, 143843, -292.07
125.5, 0, -514282, 143148, -234.246
126, 0, -510584, 142432, -184.729
126.5, 0, -506983, 141695, -143.52
127, 0, -503480, 140935, -110.617
127.5, 0, -500074, 140154, -86.0224
128, 0, -496766, 139351, -69.7347
128.5, 0, -493555, 138526, -61.7543
129, 0, -490442, 137679, -62.0812
129.5, 0, -487426, 136810, -70.7154
130, 0, -484507, 135919, -87.6569
130.5, 0, -481686, 135007, -112.906
131, 0, -478861, 134189, -312.205
131.5, 0, -475989, 133441, -591.731
132, 0, -473112, 132698, -843.013
132.5, 0, -470378, 131970, -821.891
133, 0, -467693, 131245, -714.643
133.5, 0, -465009, 130520, -607.224
134, 0, -462324, 129796, -499.633
134.5, 0, -459639, 129071, -391.87
135, 0, -456954, 128347, -283.936
135.5, 0, -454270, 127622, -175.831
136, 0, -451585, 126898, -67.5538
136.5, 0, -448900, 126173, 40.8948
137, 0, -446215, 125449, 149.515
137.5, 0, -443531, 124724, 258.307
138, 0, -440846, 124000, 367.27
138.5, 0, -438162, 123275, 476.404
139, 0, -435477, 122551, 585.711
139.5, 0, -432793, 121827, 695.189
140, 0, -429981, 121217, 507.688
140.5, 0, -427217, 120604, 305.259
141, 0, -424516, 119977, 119.149
141.5, 0, -422219, 119352, 51.3276
142, 0, -419943, 118723, -5.90149
142.5, 0, -417669, 118091, -58.3329
143, 0, -415396, 117455, -105.967
143.5, 0, -413125, 116816, -148.803
144, 0, -410855, 116173, -186.841
144.5, 0, -408587, 115526, -220.082
145, 0, -406321, 114876, -248.525
145.5, 0, -404056, 114223, -272.17
146, 0, -401792, 113566, -291.018
146.5, 0, -399530, 112905, -305.068
147, 0, -397269, 112241, -314.32
147.5, 0, -395010, 111573, -318.775
148, 0, -392753, 110902, -318.432
148.5, 0, -390497, 110227, -313.292
149, 0, -388257, 109620, -423.765
149.5, 0, -386096, 109045, -606.904
150, 0, -384018, 108452, -783.499
150.5, 0, -382138, 107920, -831.604
151, 0, -380337, 107432, -766.561
151.5, 0, -378496, 106929, -681.393
152, 0, -376615, 106409, -576.101
152.5, 0, -374695, 105874, -450.684
153, 0, -372753, 105206, -309.861
153.5, 0, -370802, 104461, -179.216
154, 0, -368836, 103727, -62.443
154.5, 0, -366856, 103005, 40.4587
155, 0, -364860, 102293, 129.489
155.5, 0, -362850, 101593, 204.648
156, 0, -360824, 100903, 265.935
156.5, 0, -358826, 100238, 291.256
157, 0, -357102, 99664.1, 166.869
157.5, 0, -355371, 99095, 53.2418
158, 0, -353633, 98530.5, -49.6246
158.5, 0, -351888, 97970.5, -141.731
159, 0, -350136, 97415.2, -223.076
159.5, 0, -348376, 96864.4, -293.661
160, 0, -346610, 96318.2, -353.486
160.5, 0, -344836, 95776.6, -402.55
161, 0, -343056, 95239.6, -440.853
161.5, 0, -341268, 94707.1, -468.396
162, 0, -339474, 94179.2, -485.179
162.5, 0, -337672, 93656, -491.201
163, 0, -335863, 93137.2, -486.463
163.5, 0, -334047, 92623.1, -470.964
164, 0, -332259, 92152.9, -466.812
164.5, 0, -330497, 91683, -457.355
165, 0, -328761, 91209.6, -440.818
165.5, 0, -327050, 90732.6, -417.201
166, 0, -325363, 90252.2, -386.505
166.5, 0, -323702, 89768.2, -348.729
167, 0, -322066, 89280.8, -303.873
167.5, 0, -320455, 88789.8, -251.938
168, 0, -318869, 88295.4, -192.922
168.5, 0, -317343, 87823.3, -150.791
169, 0, -315913, 87408.3, -164.8
169.5, 0, -314488, 86985.7, -179.445
170, 0, -313069, 86555.8, -194.727
170.5, 0, -311655, 86118.4, -210.646
171, 0, -310247, 85673.6, -227.203
171.5, 0, -308845, 85221.3, -244.396
172, 0, -307448, 84761.6, -262.226
172.5, 0, -306057, 84294.4, -280.693
173, 0, -304671, 83819.8, -299.797
173.5, 0, -303291, 83337.7, -319.538
174, 0, -301916, 82848.2, -339.916
174.5, 0, -300547, 82351.3, -360.931
175, 0, -299184, 81846.9, -382.582
175.5, 0, -297826, 81335.1, -404.871
176, 0, -296473, 80815.9, -427.797
176.5, 0, -295110, 80305.9, -436.361
177, 0, -293671, 79878.4, -368.984
177.5, 0, -292250, 79448.2, -305.361
178, 0, -290849, 79015.1, -245.492
178.5, 0, -289465, 78579.2, -189.376
179, 0, -288101, 78140.5, -137.015
179.5, 0, -286755, 77699, -88.4073
180, 0, -285682, 77283.2, -13.8986
180.5, 0, -284616, 76868.4, 61.6152
181, 0, -283549, 76453.8, 137.329
181.5, 0, -282413, 76053.2, 183.957
182, 0, -281157, 75676.6, 177.579
182.5, 0, -279903, 75298.5, 170.365
183, 0, -278653, 74919, 162.315
183.5, 0, -277407, 74538, 153.43
184, 0, -276164, 74155.5, 143.708
184.5, 0, -274925, 73771.6, 133.151
185, 0, -273690, 73386.2, 121.758
185.5, 0, -272458, 72999.3, 109.529
186, 0, -271229, 72611, 96.4643
186.5, 0, -270005, 72221.2, 82.5636
187, 0, -268783, 71829.9, 67.8271
187.5, 0, -267566, 71437.2, 52.2547
188, 0, -266352, 71043.1, 35.8464
188.5, 0, -265141, 70647.4, 18.6023
189, 0, -263934, 70250.3, 0.52233
189.5, 0, -262731, 69851.8, -18.3935
190, 0, -261531, 69451.7, -38.1452
190.5, 0, -260334, 69050.3, -58.7327
191, 0, -259142, 68647.3, -80.1561
191.5, 0, -257953, 68242.9, -102.415
192, 0, -256767, 67837, -125.51
192.5, 0, -255740, 67465.2, -107.023
193, 0, -254795, 67116.6, -69.7095
193.5, 0, -253842, 66772.1, -38.4962
194, 0, -252882, 66431.8, -13.3831
194.5, 0, -251915, 66095.7, 5.62995
195, 0, -250940, 65763.7, 18.5428
195.5, 0, -249958, 65435.9, 25.3556
196, 0, -248969, 65112.2, 26.0682
196.5, 0, -247972, 64792.8, 20.6807
197, 0, -246967, 64477.4, 9.19303
197.5, 0, -245956, 64166.3, -8.39476
198, 0, -244936, 63859.3, -32.0827
198.5, 0, -243910, 63556.5, -61.8708
199, 0, -242869, 63250.7, -104.784
199.5, 0, -241817, 62926.7, -168.858
200, 0, -240788, 62603.4, -231.414
200.5, 0, -239781, 62280.7, -292.451
201, 0, -238858, 61962, -280.753
201.5, 0, -237959, 61644.6, -244.811
202, 0, -237060, 61327.1, -208.786
202.5, 0, -236161, 61009.7, -172.677
203, 0, -235261, 60692.2, -136.485
203.5, 0, -234362, 60374.8, -100.211
204, 0, -233463, 60057.4, -63.8525
204.5, 0, -232564, 59740, -27.4112
205, 0, -231665, 59422.6, 9.1133
205.5, 0, -230766, 59105.3, 45.721
206, 0, -229866, 58787.9, 82.4118
206.5, 0, -228967, 58470.6, 119.186
207, 0, -228068, 58153.2, 156.043
207.5, 0, -227169, 57835.9, 192.984
208, 0, -226270, 57518.6, 230.007
208.5, 0, -225371, 57201.3, 267.114
209, 0, -224471, 56884, 304.304
209.5, 0, -223572, 56566.8, 341.577
210, 0, -222684, 56255.7, 355.924
210.5, 0, -221833, 55961.6, 304.722
211, 0, -220990, 55666.6, 253.746
211.5, 0, -220155, 55370.7, 202.996
212, 0, -219335, 55070.9, 144.976
212.5, 0, -218527, 54769.6, 87.1692
213, 0, -217727, 54469, 35.3464
213.5, 0, -216933, 54169.3, -10.4921
214, 0, -216146, 53870.3, -50.3466
214.5, 0, -215367, 53572, -84.2169
215, 0, -214594, 53274.6, -112.103
215.5, 0, -213829, 52977.9, -134.005
216, 0, -213071, 52682, -149.923
216.5, 0, -212320, 52386.9, -159.857
217, 0, -211576, 52092.5, -163.806
217.5, 0, -210840, 51799, -161.771
218, 0, -210110, 51506.1, -153.753
218.5, 0, -209387, 51214.1, -139.75
219, 0, -208672, 50922.8, -119.763
219.5, 0, -207964, 50632.4, -93.7915
220, 0, -207263, 50342.6, -61.8361
220.5, 0, -206569, 50053.7, -23.8966
221, 0, -205882, 49765.5, 20.0271
221.5, 0, -205165, 49489.4, 23.1012
222, 0, -204429, 49219.8, 0.504474
222.5, 0, -203693, 48950.3, -22.3097
223, 0, -202957, 48680.7, -45.3412
223.5, 0, -202168, 48466.2, -23.8387
224, 0, -201388, 48250.1, 0.0765166
224.5, 0, -200623, 48026.9, 21.9753
225, 0, -199872, 47796.5, 41.8576
225.5, 0, -199136, 47559.1, 59.7234
226, 0, -198414, 47314.4, 75.5727
226.5, 0, -197707, 47062.7, 89.4056
227, 0, -197014, 46803.8, 101.222
227.5, 0, -196335, 46537.7, 111.022
228, 0, -195672, 46264.5, 118.805
228.5, 0, -195022, 45984.2, 124.572
229, 0, -194387, 45696.8, 128.323
229.5, 0, -193767, 45402.2, 130.057
230, 0, -193161, 45100.4, 129.775
230.5, 0, -192570, 44791.6, 127.476
231, 0, -191931, 44551.3, 94.3837
231.5, 0, -191291, 44312.5, 61.7656
232, 0, -190650, 44074.2, 30.1312
232.5, 0, -190010, 43836.2, -0.519644
233, 0, -189369, 43598.6, -30.1868
233.5, 0, -188728, 43361.3, -58.8703
234, 0, -188087, 43124.4, -86.5701
234.5, 0, -187446, 42887.9, -113.286
235, 0, -186807, 42660.6, -122.204
235.5, 0, -186176, 42448.1, -101.624
236, 0, -185550, 42233.9, -82.0961
236.5, 0, -184931, 42017.8, -63.6217
237, 0, -184317, 41800, -46.2004
237.5, 0, -183710, 41580.4, -29.8323
238, 0, -183109, 41359, -14.5173
238.5, 0, -182513, 41135.8, -0.255454
239, 0, -181923, 40910.9, 12.9533
239.5, 0, -181340, 40684.1, 25.1088
240, 0, -180762, 40455.6, 36.2113
240.5, 0, -180190, 40225.3, 46.2605
241, 0, -179625, 39993.2, 55.2567
241.5, 0, -179065, 39759.3, 63.1997
242, 0, -178511, 39523.6, 70.0896
242.5, 0, -177963, 39288.2, 74.586
243, 0, -177409, 39079.3, 59.9096
243.5, 0, -176855, 38870.8, 44.2146
244, 0, -176300, 38662.7, 27.5011
244.5, 0, -175746, 38454.9, 9.76911
245, 0, -175191, 38247.5, -8.98146
245.5, 0, -174637, 38040.5, -28.7506
246, 0, -174082, 37833.8, -49.5382
246.5, 0, -173527, 37627.5, -71.3443
247, 0, -172977, 37424.6, -84.2744
247.5, 0, -172457, 37234.4, -53.7958
248, 0, -171941, 37042.4, -25.7561
248.5, 0, -171428, 36848.4, -0.155164
249, 0, -170918, 36652.6, 23.0069
249.5, 0, -170412, 36454.8, 43.7302
250, 0, -169909, 36255.1, 62.0146
250.5, 0, -169410, 36053.5, 77.8601
251, 0, -168915, 35850.1, 91.2669
251.5, 0, -168422, 35644.7, 102.235
252, 0, -167934, 35437.4, 110.764
252.5, 0, -167449, 35228.2, 116.854
253, 0, -166967, 35017.1, 120.505
253.5, 0, -166489, 34804.1, 121.718
254, 0, -166014, 34589.2, 120.492
254.5, 0, -165543, 34372.4, 116.827
255, 0, -165069, 34167.7, 104.504
255.5, 0, -164588, 33980.9, 83.2712
256, 0, -164106, 33794.1, 62.0386
256.5, 0, -163625, 33607.3, 40.8059
257, 0, -163144, 33420.6, 19.5733
257.5, 0, -162663, 33233.8, -1.65931
258, 0, -162182, 33047, -22.8919
258.5, 0, -161701, 32860.2, -44.1246
259, 0, -161220, 32673.5, -65.3572
259.5, 0, -160737, 32488.9, -74.6736
260, 0, -160252, 32310.6, -49.0239
260.5, 0, -159772, 32132, -25.1877
261, 0, -159299, 31953, -3.16497
261.5, 0, -158832, 31773.5, 17.0443
262, 0, -158371, 31593.7, 35.4401
262.5, 0, -157916, 31413.4, 52.0224
263, 0, -157466, 31232.7, 66.7913
263.5, 0, -157023, 31051.6, 79.7466
264, 0, -156586, 30870.1, 90.8885
264.5, 0, -156154, 30688.2, 100.217
265, 0, -155729, 30505.9, 107.732
265.5, 0, -155310, 30323.1, 113.433
266, 0, -154896, 30140, 117.321
266.5, 0, -154489, 29956.4, 119.396
267, 0, -154087, 29772.5, 119.657
267.5, 0, -153692, 29588.1, 118.105
268, 0, -153281, 29418.8, 97.0132
268.5, 0, -152865, 29254.3, 72.5485
269, 0, -152448, 29089.9, 50.4873
269.5, 0, -152032, 28925.8, 30.8297
270, 0, -151615, 28761.9, 13.5756
270.5, 0, -151198, 28598.3, -1.27503
271, 0, -150781, 28434.8, -13.7221
271.5, 0, -150363, 28271.5, -23.7657
272, 0, -149946, 28108.5, -31.4057
272.5, 0, -149528, 27945.7, -36.6423
273, 0, -149110, 27783, -39.4753
273.5, 0, -148692, 27620.6, -39.9048
274, 0, -148280, 27461.1, -34.9787
274.5, 0, -147882, 27306.3, -24.1656
275, 0, -147491, 27151.4, -13.5802
275.5, 0, -147106, 26996.3, -3.22258
276, 0, -146728, 26841, 6.90737
276.5, 0, -146355, 26685.6, 16.8096
277, 0, -145989, 26529.9, 26.4841
277.5, 0, -145629, 26374.2, 35.9309
278, 0, -145275, 26218.2, 45.15
278.5, 0, -144928, 26062.1, 54.1414
279, 0, -144586, 25905.8, 62.905
279.5, 0, -144251, 25749.4, 71.441
280, 0, -143922, 25592.8, 79.7492
280.5, 0, -143600, 25436, 87.8297
281, 0, -143244, 25285.8, 81.9134
281.5, 0, -142881, 25136.7, 73.3659
282, 0, -142518, 24987.2, 65.1338
282.5, 0, -142155, 24837.3, 57.2172
283, 0, -141792, 24686.9, 49.6161
283.5, 0, -141429, 24536.2, 42.3305
284, 0, -141067, 24385, 35.3603
284.5, 0, -140704, 24233.4, 28.7056
285, 0, -140342, 24081.4, 22.3664
285.5, 0, -139980, 23929, 16.3427
286, 0, -139618, 23776.1, 10.6344
286.5, 0, -139256, 23622.9, 5.24161
287, 0, -138899, 23470.5, -0.0827448
287.5, 0, -138586, 23332.3, -8.12992
288, 0, -138273, 23194.1, -16.1779
288.5, 0, -137961, 23056, -24.2266
289, 0, -137648, 22917.8, -32.276
289.5, 0, -137336, 22779.7, -40.3263
290, 0, -137023, 22641.5, -48.3773
290.5, 0, -136710, 22503.3, -56.429
291, 0, -136398, 22365.2, -64.4816
291.5, 0, -136085, 22227, -72.5349
292, 0, -135773, 22088.9, -80.5889
292.5, 0, -135460, 21950.7, -88.6438
293, 0, -135147, 21812.5, -96.6994
293.5, 0, -134835, 21674.4, -104.756
294, 0, -134519, 21536.2, -110.447
294.5, 0, -134177, 21398.1, -94.4564
295, 0, -133839, 21260.2, -79.56
295.5, 0, -133504, 21122.5, -65.7572
296, 0, -133174, 20985, -53.048
296.5, 0, -132847, 20847.8, -41.4324
297, 0, -132525, 20710.7, -30.9105
297.5, 0, -132206, 20573.9, -21.4822
298, 0, -131891, 20437.3, -13.1476
298.5, 0, -131580, 20300.9, -5.90656
299, 0, -131272, 20164.7, 0.240832
299.5, 0, -130969, 20028.7, 5.29459
300, 0, -130670, 19892.9, 9.25471
300.5, 0, -130395, 19763.3, -0.61374
301, 0, -130129, 19636.5, -14.2152
301.5, 0, -129863, 19510.2, -26.6196
302, 0, -129598, 19384.5, -37.8271
302.5, 0, -129333, 19259.5, -47.8375
303, 0, -129069, 19135, -56.651
303.5, 0, -128805, 19011.2, -64.2674
304, 0, -128542, 18887.9, -70.6869
304.5, 0, -128279, 18765.2, -75.9094
305, 0, -128016, 18643.2, -79.9349
305.5, 0, -127754, 18521.7, -82.7633
306, 0, -127492, 18400.9, -84.3948
306.5, 0, -127231, 18280.6, -84.8293
307, 0, -126970, 18161, -84.0669
307.5, 0, -126710, 18041.9, -82.1074
308, 0, -126450, 17923.5, -78.9509
308.5, 0, -126191, 17805.6, -74.5974
309, 0, -125921, 17689.1, -67.0132
309.5, 0, -125644, 17573.6, -57.4338
310, 0, -125369, 17458.4, -47.8447
310.5, 0, -125095, 17343.6, -38.2458
311, 0, -124822, 17229.1, -28.6372
311.5, 0, -124551, 17115.1, -19.0189
312, 0, -124281, 17001.3, -9.39087
312.5, 0, -124022, 16887.5, 0.925016
313, 0, -123781, 16773.1, 13.6841
313.5, 0, -123539, 16658.8, 28.3138
314, 0, -123298, 16544.7, 44.8142
314.5, 0, -123056, 16430.8, 63.1853
315, 0, -122814, 16317.1, 83.427
315.5, 0, -122561, 16199.6, 74.3873
316, 0, -122309, 16082.5, 64.919
316.5, 0, -122059, 15965.8, 56.0599
317, 0, -121809, 15849.7, 47.8101
317.5, 0, -121561, 15734.1, 40.1696
318, 0, -121313, 15618.9, 33.1383
318.5, 0, -121067, 15504.3, 26.7164
319, 0, -120822, 15390.2, 20.9037
319.5, 0, -120578, 15276.6, 15.7004
320, 0, -120335, 15163.5, 11.1063
320.5, 0, -120094, 15050.9, 7.1215
321, 0, -119853, 14938.7, 3.746
321.5, 0, -119614, 14827.1, 0.979777
322, 0, -119376, 14716, -1.17716
322.5, 0, -119138, 14605.4, -2.7248
323, 0, -118902, 14495.3, -3.66317
323.5, 0, -118668, 14385.7, -3.99224
324, 0, -118434, 14276.6, -3.71203
324.5, 0, -118201, 14168.1, -2.82253
325, 0, -117970, 14060, -1.32374
325.5, 0, -117740, 13952.4, 0.784327
326, 0, -117511, 13845.3, 3.50168
326.5, 0, -117290, 13745.7, 12.3077
327, 0, -117071, 13646, 20.9952
327.5, 0, -116853, 13545.7, 29.1145
328, 0, -116637, 13444.7, 36.6653
328.5, 0, -116423, 13343, 43.6479
329, 0, -116214, 13249.3, 40.0358
329.5, 0, -116006, 13157.7, 33.7104
330, 0, -115800, 13065.9, 27.6675
330.5, 0, -115594, 12973.8, 21.9068
331, 0, -115390, 12881.4, 16.4285
331.5, 0, -115187, 12788.8, 11.2326
332, 0, -114984, 12695.9, 6.31897
332.5, 0, -114783, 12602.7, 1.6877
333, 0, -114583, 12509.3, -2.66124
333.5, 0, -114385, 12415.5, -6.72784
334, 0, -114187, 12321.6, -10.5121
334.5, 0, -113990, 12227.3, -14.014
335, 0, -113794, 12132.8, -17.2336
335.5, 0, -113600, 12038, -20.1708
336, 0, -113406, 11942.9, -22.8257
336.5, 0, -113214, 11847.6, -25.1983
337, 0, -113023, 11752, -27.2885
337.5, 0, -112832, 11656.1, -29.0964
338, 0, -112643, 11560, -30.6219
338.5, 0, -112455, 11463.6, -31.8651
339, 0, -112268, 11366.9, -32.826
339.5, 0, -112082, 11269.9, -33.5045
340, 0, -111898, 11172.7, -33.9007
340.5, 0, -111697, 11073.2, -29.9586
341, 0, -111475, 10970.8, -20.1439
341.5, 0, -111255, 10868.3, -10.4634
342, 0, -111049, 10769.3, -0.192838
342.5, 0, -110891, 10684.9, 12.6403
343, 0, -110732, 10601, 25.006
343.5, 0, -110574, 10517.7, 36.9043
344, 0, -110416, 10434.9, 48.335
344.5, 0, -110258, 10352.5, 59.2983
345, 0, -110092, 10270.8, 66.8108
345.5, 0, -109903, 10189.2, 65.5462
346, 0, -109715, 10107.6, 64.1262
346.5, 0, -109527, 10025.9, 62.5507
347, 0, -109341, 9943.99, 60.8197
347.5, 0, -109155, 9862.01, 58.9332
348, 0, -108970, 9779.92, 56.8913
348.5, 0, -108786, 9697.72, 54.6939
349, 0, -108602, 9615.41, 52.341
349.5, 0, -108420, 9532.99, 49.8327
350, 0, -108238, 9450.46, 47.1689
350.5, 0, -108058, 9367.81, 44.3496
351, 0, -107878, 9285.06, 41.3748
351.5, 0, -107699, 9202.19, 38.2446
352, 0, -107520, 9119.21, 34.9589
352.5, 0, -107343, 9036.12, 31.5177
353, 0, -107166, 8952.92, 27.921
353.5, 0, -106990, 8869.6, 24.1689
354, 0, -106816, 8786.18, 20.2613
354.5, 0, -106642, 8702.64, 16.1982
355, 0, -106468, 8618.99, 11.9797
355.5, 0, -106296, 8535.24, 7.60567
356, 0, -106124, 8451.37, 3.07618
356.5, 0, -105954, 8367.38, -1.60878
357, 0, -105784, 8283.29, -6.44922
357.5, 0, -105618, 8199.68, -10.2337
358, 0, -105471, 8120.14, -6.80287
358.5, 0, -105324, 8041.38, -3.61406
359, 0, -105179, 7963.41, -0.667285
359.5, 0, -105034, 7886.21, 2.03745
360, 0, -104891, 7809.8, 4.50014
360.5, 0, -104748, 7734.18, 6.7208
361, 0, -104605, 7659.33, 8.69941
361.5, 0, -104464, 7585.27, 10.436
362, 0, -104323, 7512, 11.9305
362.5, 0, -104183, 7439.5, 13.183
363, 0, -104044, 7367.79, 14.1935
363.5, 0, -103906, 7296.86, 14.9619
364, 0, -103768, 7226.71, 15.4883
364.5, 0, -103632, 7157.35, 15.7727
365, 0, -103496, 7088.77, 15.815
365.5, 0, -103361, 7020.97, 15.6152
366, 0, -103226, 6953.96, 15.1735
366.5, 0, -103093, 6887.73, 14.4897
367, 0, -102960, 6822.28, 13.5638
367.5, 0, -102828, 6757.62, 12.3959
368, 0, -102696, 6693.74, 10.986
368.5, 0, -102566, 6630.64, 9.33404
369, 0, -102436, 6568.32, 7.44004
369.5, 0, -102307, 6506.79, 5.30401
370, 0, -102179, 6446.04, 2.92593
370.5, 0, -102052, 6386.07, 0.305813
371, 0, -101920, 6325.48, 1.60404
371.5, 0, -101769, 6260.96, 16.2986
372, 0, -101617, 6196.99, 30.8717
372.5, 0, -101466, 6133.56, 45.3235
373, 0, -101315, 6070.69, 59.6538
373.5, 0, -101173, 6007.88, 69.3694
374, 0, -101061, 5943.66, 64.7865
374.5, 0, -100950, 5879.21, 59.7409
375, 0, -100811, 5811.39, 55.0125
375.5, 0, -100669, 5743.23, 50.5536
376, 0, -100529, 5675.29, 46.28
376.5, 0, -100390, 5607.57, 42.1917
377, 0, -100253, 5540.06, 38.2888
377.5, 0, -100118, 5472.76, 34.5712
378, 0, -99984.2, 5405.69, 31.0389
378.5, 0, -99852.2, 5338.83, 27.692
379, 0, -99721.9, 5272.19, 24.5304
379.5, 0, -99593.2, 5205.77, 21.5542
380, 0, -99466.2, 5139.56, 18.7633
380.5, 0, -99340.8, 5073.57, 16.1577
381, 0, -99217.1, 5007.8, 13.7375
381.5, 0, -99095, 4942.24, 11.5026
382, 0, -98974.6, 4876.91, 9.45304
382.5, 0, -98855.8, 4811.78, 7.58883
383, 0, -98738.7, 4746.88, 5.90996
383.5, 0, -98623.2, 4682.19, 4.41642
384, 0, -98509.4, 4617.72, 3.10822
384.5, 0, -98397.2, 4553.47, 1.98536
385, 0, -98286.7, 4489.43, 1.04784
385.5, 0, -98177.9, 4425.61, 0.295655
386, 0, -98070.7, 4362.01, -0.271191
386.5, 0, -97964.5, 4298.12, -0.606982
387, 0, -97857.7, 4232.87, -0.516922
387.5, 0, -97752.5, 4168.04, -0.100826
388, 0, -97648.8, 4103.62, 0.641306
388.5, 0, -97546.5, 4039.62, 1.70947
389, 0, -97445.8, 3976.02, 3.10368
389.5, 0, -97346.6, 3912.85, 4.82392
390, 0, -97244.3, 3852.71, 3.28695
390.5, 0, -97133.4, 3797.94, -5.52911
391, 0, -97020, 3749.78, -5.70009
391.5, 0, -96906.6, 3703.16, -3.85832
392, 0, -96793.8, 3656.38, -2.22495
392.5, 0, -96681.7, 3609.44, -0.799973
393, 0, -96570.3, 3562.34, 0.416611
393.5, 0, -96459.7, 3515.09, 1.4248
394, 0, -96349.7, 3467.67, 2.2246
394.5, 0, -96240.4, 3420.1, 2.816
395, 0, -96131.9, 3372.36, 3.19901
395.5, 0, -96024.1, 3324.47, 3.37362
396, 0, -95916.9, 3276.42, 3.33985
396.5, 0, -95810.5, 3228.21, 3.09767
397, 0, -95704.7, 3179.84, 2.64711
397.5, 0, -95599.7, 3131.31, 1.98815
398, 0, -95495.4, 3082.62, 1.12079
398.5, 0, -95391.8, 3033.77, 0.0450475
399, 0, -95288.9, 2984.77, -1.23909
399.5, 0, -95186.7, 2935.6, -2.73163
400, 0, -95085.2, 2886.28, -4.43256
400.5, 0, -94984.4, 2836.8, -6.34188
401, 0, -94884.3, 2787.15, -8.45959
401.5, 0, -94784.9, 2737.35, -10.7857
402, 0, -94686.2, 2687.39, -13.3202
402.5, 0, -94588.3, 2637.28, -16.0631
403, 0, -94491, 2587, -19.0144
403.5, 0, -94394.4, 2536.56, -22.1741
404, 0, -94298.6, 2485.97, -25.5422
404.5, 0, -94203.4, 2435.21, -29.1186
405, 0, -94109, 2384.3, -32.9035
405.5, 0, -94015.2, 2333.23, -36.8968
406, 0, -93922.2, 2282, -41.0984
406.5, 0, -93829.9, 2230.61, -45.5085
407, 0, -93740.7, 2181.2, -50.7005
407.5, 0, -93656.5, 2134.97, -56.7297
408, 0, -93573.3, 2090.09, -53.3385
408.5, 0, -93490.8, 2045.56, -49.9755
409, 0, -93408.9, 2001.39, -46.6408
409.5, 0, -93327.6, 1957.57, -43.3344
410, 0, -93247, 1914.11, -40.0563
410.5, 0, -93167, 1871, -36.8065
411, 0, -93087.6, 1828.25, -33.5849
411.5, 0, -93008.9, 1785.86, -30.3916
412, 0, -92930.7, 1743.82, -27.2266
412.5, 0, -92853.3, 1702.14, -24.0899
413, 0, -92776.4, 1660.82, -20.9815
413.5, 0, -92700.2, 1619.85, -17.9013
414, 0, -92624.6, 1579.24, -14.8494
414.5, 0, -92549.6, 1538.98, -11.8258
415, 0, -92475.3, 1499.08, -8.83045
415.5, 0, -92401.6, 1459.53, -5.8634
416, 0, -92328.5, 1420.34, -2.92462
416.5, 0, -92256.1, 1381.51, -0.0141146
417, 0, -92184.3, 1343.03, 2.86811
417.5, 0, -92113.1, 1304.91, 5.72206
418, 0, -92042.5, 1267.15, 8.54772
418.5, 0, -91972.6, 1229.74, 11.3451
419, 0, -91903.3, 1192.69, 14.1142
419.5, 0, -91834.7, 1155.99, 16.8551
420, 0, -91766.7, 1119.65, 19.5676
420.5, 0, -91699.3, 1083.66, 22.2519
421, 0, -91632.5, 1048.03, 24.9079
421.5, 0, -91566.4, 1012.76, 27.5356
422, 0, -91500.9, 977.844, 30.1351
422.5, 0, -91436, 943.283, 32.7062
423, 0, -91371.7, 909.078, 35.2491
423.5, 0, -91308.1, 875.228, 37.7637
424, 0, -91245.1, 841.735, 40.25
424.5, 0, -91182.4, 806.541, 40.3294
425, 0, -91117.7, 768.168, 35.7977
425.5, 0, -91044.1, 728.092, 25.7384
426, 0, -90971.1, 688.401, 16.1838
426.5, 0, -90898.8, 649.095, 7.1338
427, 0, -90827.1, 610.174, -1.41151
427.5, 0, -90756.1, 571.639, -9.45215
428, 0, -90685.7, 533.489, -16.9881
428.5, 0, -90616, 495.724, -24.0194
429, 0, -90546.9, 458.344, -30.5461
429.5, 0, -90478.4, 421.35, -36.5681
430, 0, -90410.6, 384.74, -42.0854
430.5, 0, -90343.4, 348.516, -47.0981
431, 0, -90276.9, 312.677, -51.6061
431.5, 0, -90211, 277.224, -55.6094
432, 0, -90145.7, 242.155, -59.1081
432.5, 0, -90081.1, 207.472, -62.1021
433, 0, -90017.2, 173.174, -64.5914
433.5, 0, -89953.8, 139.261, -66.5761
434, 0, -89891.2, 105.734, -68.0562
434.5, 0, -89829.1, 72.5912, -69.0315
435, 0, -89767.7, 39.834, -69.5022
435.5, 0, -89706.9, 7.4621, -69.4682
436, 0, -89646.8, -24.5246, -68.9296
436.5, 0, -89587.3, -56.1261, -67.8863
437, 0, -89528.5, -87.3423, -66.3384
437.5, 0, -89470.3, -118.173, -64.2857
438, 0, -89412.8, -148.619, -61.7285
438.5, 0, -89355.8, -178.68, -58.6665
439, 0, -89299.6, -208.355, -55.0999
439.5, 0, -89243.9, -237.645, -51.0286
440, 0, -89189, -266.55, -46.4527
440.5, 0, -89134.6, -295.07, -41.3721
441, 0, -89080.9, -323.205, -35.7869
441.5, 0, -89027.8, -350.954, -29.6969
442, 0, -88975.4, -378.318, -23.1023
442.5, 0, -88918.8, -405.021, -22.9871
443, 0, -88863.6, -429.646, -23.319
443.5, 0, -88813.9, -453.851, -17.7121
444, 0, -88765.2, -477.98, -12.3189
444.5, 0, -88717.2, -502.032, -7.13922
445, 0, -88670.2, -526.007, -2.17318
445.5, 0, -88624, -549.906, 2.57925
446, 0, -88578.7, -573.728, 7.11808
446.5, 0, -88534.3, -597.474, 11.4433
447, 0, -88490.7, -621.143, 15.5549
447.5, 0, -88448.1, -644.736, 19.453
448, 0, -88406.3, -668.252, 23.1374
448.5, 0, -88365.3, -691.692, 26.6082
449, 0, -88325.2, -715.055, 29.8654
449.5, 0, -88286.1, -738.342, 32.909
450, 0, -88247.7, -761.552, 35.739
450.5, 0, -88210.3, -784.686, 38.3554
451, 0, -88173.7, -807.743, 40.7582
451.5, 0, -88138, -830.723, 42.9474
452, 0, -88103.2, -853.627, 44.923
452.5, 0, -88069.2, -876.455, 46.685
453, 0, -88036.1, -899.205, 48.2334
453.5, 0, -88003.9, -921.88, 49.5681
454, 0, -87972.5, -944.478, 50.6893
454.5, 0, -87942.1, -966.999, 51.5969
455, 0, -87912.5, -989.444, 52.2909
455.5, 0, -87883.7, -1011.81, 52.7712
456, 0, -87855.9, -1034.1, 53.038
456.5, 0, -87828.9, -1056.32, 53.0912
457, 0, -87802.8, -1078.46, 52.9307
457.5, 0, -87777.5, -1100.52, 52.5567
458, 0, -87753.2, -1122.51, 51.969
458.5, 0, -87729.7, -1144.41, 51.1678
459, 0, -87707, -1166.25, 50.1529
459.5, 0, -87685.3, -1188, 48.9245
460, 0, -87664.4, -1209.68, 47.4824
460.5, 0, -87644.4, -1231.29, 45.8267
461, 0, -87625.2, -1252.81, 43.9575
461.5, 0, -87587.2, -1269.79, 39.8616
462, 0, -87533.3, -1281.66, 40.1179
462.5, 0, -87481.1, -1293.59, 40.3612
463, 0, -87430.4, -1305.57, 40.5917
463.5, 0, -87381.3, -1317.6, 40.8094
464, 0, -87333.9, -1329.69, 41.0141
464.5, 0, -87288, -1341.82, 41.206
465, 0, -87243.6, -1354.01, 41.385
465.5, 0, -87200.9, -1366.26, 41.5511
466, 0, -87159.8, -1378.55, 41.7043
466.5, 0, -87120.2, -1390.9, 41.8447
467, 0, -87082.2, -1403.3, 41.9722
467.5, 0, -87045.9, -1415.75, 42.0868
468, 0, -87011.1, -1428.25, 42.1885
468.5, 0, -86977.9, -1440.81, 42.2774
469, 0, -86946.2, -1453.42, 42.3533
469.5, 0, -86916.2, -1466.08, 42.4165
470, 0, -86887.8, -1478.8, 42.4667
470.5, 0, -86860.9, -1491.56, 42.504
471, 0, -86835.6, -1504.38, 42.5285
471.5, 0, -86811.9, -1517.25, 42.5401
472, 0, -86789.8, -1530.18, 42.5388
472.5, 0, -86769.3, -1543.16, 42.5247
473, 0, -86750.4, -1556.19, 42.4976
473.5, 0, -86733, -1569.27, 42.4577
474, 0, -86717.3, -1582.4, 42.405
474.5, 0, -86703.1, -1595.59, 42.3393
475, 0, -86690.5, -1608.83, 42.2608
475.5, 0, -86679.5, -1622.12, 42.1693
476, 0, -86670.1, -1635.46, 42.0651
476.5, 0, -86662.3, -1648.86, 41.9479
477, 0, -86656, -1662.31, 41.8178
477.5, 0, -86651.4, -1675.81, 41.6749
478, 0, -86648.3, -1689.37, 41.5191
478.5, 0, -86646.8, -1702.97, 41.3505
479, 0, -86646.9, -1716.63, 41.1689
479.5, 0, -86648.6, -1730.35, 40.9745
480, 0, -86651.9, -1744.11, 40.7672
480.5, 0, -86643.4, -1753.65, 40.6188
481, 0, -86614.8, -1756.56, 40.6526
481.5, 0, -86586.9, -1759.65, 40.7906
482, 0, -86559.7, -1762.91, 41.0329
482.5, 0, -86533.1, -1766.35, 41.3794
483, 0, -86507.3, -1769.96, 41.8301
483.5, 0, -86482.1, -1773.75, 42.3851
484, 0, -86457.7, -1777.72, 43.0444
484.5, 0, -86433.9, -1781.87, 43.8079
485, 0, -86410.9, -1786.19, 44.6756
485.5, 0, -86388.5, -1790.68, 45.6476
486, 0, -86366.8, -1795.36, 46.7238
486.5, 0, -86345.8, -1800.21, 47.9043
487, 0, -86325.5, -1805.24, 49.189
487.5, 0, -86306, -1810.44, 50.578
488, 0, -86287.1, -1815.82, 52.0712
488.5, 0, -86268.9, -1821.38, 53.6687
489, 0, -86251.3, -1827.11, 55.3704
489.5, 0, -86234.5, -1833.02, 57.1764
490, 0, -86218.4, -1839.11, 59.0866
490.5, 0, -86203, -1845.37, 61.101
491, 0, -86188.3, -1851.81, 63.2198
491.5, 0, -86174.2, -1858.43, 65.4427
492, 0, -86160.9, -1865.22, 67.7699
492.5, 0, -86148.2, -1872.19, 70.2013
493, 0, -86136.3, -1879.34, 72.737
493.5, 0, -86125, -1886.66, 75.377
494, 0, -86114.5, -1894.16, 78.1212
494.5, 0, -86104.6, -1901.84, 80.9696
495, 0, -86095.4, -1909.69, 83.9223
495.5, 0, -86086.9, -1917.72, 86.9792
496, 0, -86079.1, -1925.92, 90.1404
496.5, 0, -86072.1, -1934.3, 93.4058
497, 0, -86065.7, -1942.86, 96.7755
497.5, 0, -86060, -1951.6, 100.249
498, 0, -86055, -1960.51, 103.828
498.5, 0, -86050.6, -1969.6, 107.51
499, 0, -86047, -1978.86, 111.297
499.5, 0, -86044.1, -1988.3, 115.188
