x,y,sigxx,sigyy,sigxy
0, 0, -1.14708e+06, -1.12688e+06, -388.196
0.5, 0, -1.14697e+06, -1.1019e+06, -125.034
1, 0, -1.14686e+06, -1.07697e+06, 86.0261
1.5, 0, -1.14674e+06, -1.05209e+06, 244.985
2, 0, -1.14662e+06, -1.02725e+06, 351.844
2.5, 0, -1.14648e+06, -1.0025e+06, 385.196
3, 0, -1.14627e+06, -978060, 239.083
3.5, 0, -1.14607e+06, -953617, 92.9701
4, 0, -1.14586e+06, -929174, -53.1429
4.5, 0, -1.14565e+06, -904732, -199.256
5, 0, -1.14531e+06, -880365, -132.347
5.5, 0, -1.14464e+06, -856329, 375.504
6, 0, -1.14397e+06, -832513, 750.127
6.5, 0, -1.1433e+06, -808916, 991.52
7, 0, -1.14263e+06, -785540, 1099.69
7.5, 0, -1.14187e+06, -762409, 952.512
8, 0, -1.14082e+06, -739600, 438.532
8.5, 0, -1.13969e+06, -717056, -34.1397
9, 0, -1.13849e+06, -694778, -465.504
9.5, 0, -1.1372e+06, -672766, -855.562
10, 0, -1.13563e+06, -650958, -800.582
10.5, 0, -1.13354e+06, -629336, 115.503
11, 0, -1.13152e+06, -608097, 788.678
11.5, 0, -1.12955e+06, -587241, 1218.94
12, 0, -1.12764e+06, -566767, 1406.3
12.5, 0, -1.12568e+06, -546796, 1300.69
13, 0, -1.12292e+06, -527906, 696.108
13.5, 0, -1.12018e+06, -508947, 95.8756
14, 0, -1.11746e+06, -489918, -500.005
14.5, 0, -1.11477e+06, -470821, -1091.53
15, 0, -1.1121e+06, -451654, -1678.71
15.5, 0, -1.10812e+06, -433465, -566.975
16, 0, -1.10431e+06, -415718, 290.858
16.5, 0, -1.10069e+06, -398406, 881.677
17, 0, -1.09725e+06, -381529, 1205.48
17.5, 0, -1.09399e+06, -365087, 1262.27
18, 0, -1.09009e+06, -349597, 844.605
18.5, 0, -1.0857e+06, -334511, 246.815
19, 0, -1.08131e+06, -319425, -350.975
19.5, 0, -1.07692e+06, -304339, -948.765
20, 0, -1.07253e+06, -289253, -1546.55
20.5, 0, -1.06777e+06, -274726, -1691.22
21, 0, -1.06222e+06, -261512, -856.451
21.5, 0, -1.05676e+06, -248309, -143.46
22, 0, -1.05138e+06, -235115, 447.751
22.5, 0, -1.0461e+06, -221931, 917.182
23, 0, -1.04091e+06, -208757, 1264.83
23.5, 0, -1.03552e+06, -197093, 908.55
24, 0, -1.03005e+06, -185836, 363.944
24.5, 0, -1.02455e+06, -174611, -213.918
25, 0, -1.01903e+06, -163418, -825.034
25.5, 0, -1.01348e+06, -152257, -1469.41
26, 0, -1.0076e+06, -141750, -1687.82
26.5, 0, -1.00122e+06, -132333, -1164.31
27, 0, -994956, -122886, -726.492
27.5, 0, -988795, -113408, -374.363
28, 0, -982741, -103900, -107.924
28.5, 0, -976795, -94360.9, 72.8247
29, 0, -970323, -86038, -115.456
29.5, 0, -963614, -78209.1, -429.12
30, 0, -956904, -70380.3, -742.607
30.5, 0, -950195, -62551.7, -1055.92
31, 0, -943486, -54723.3, -1369.05
31.5, 0, -936732, -47056.5, -1589.5
32, 0, -929755, -40481, -1244.89
32.5, 0, -922885, -33989.2, -958.164
33, 0, -916123, -27581, -729.315
33.5, 0, -909470, -21256.4, -558.346
34, 0, -902924, -15015.5, -445.255
34.5, 0, -896359, -8961.43, -408.045
35, 0, -889416, -3380.6, -473.604
35.5, 0, -882413, 1982.45, -583.625
36, 0, -875347, 7127.7, -738.106
36.5, 0, -868221, 12055.2, -937.047
37, 0, -861032, 16764.8, -1180.45
37.5, 0, -853960, 21054.2, -1276.41
38, 0, -847093, 25028.4, -1145.34
38.5, 0, -840226, 29000.7, -1015.13
39, 0, -833360, 32971, -885.782
39.5, 0, -826494, 36939.4, -757.296
40, 0, -819628, 40906, -629.67
40.5, 0, -812746, 44710.1, -556.654
41, 0, -805811, 48166.9, -532.922
41.5, 0, -798836, 51479.7, -461.162
42, 0, -791821, 54648.4, -341.373
42.5, 0, -784766, 57673.1, -173.557
43, 0, -777670, 60553.8, 42.2876
43.5, 0, -770835, 63142.7, 187.18
44, 0, -764396, 65488.5, 183.75
44.5, 0, -757958, 67834.3, 180.318
45, 0, -751520, 70180.1, 176.885
45.5, 0, -745081, 72526, 173.45
46, 0, -738643, 74871.8, 170.013
46.5, 0, -732121, 77152.2, 142.423
47, 0, -725280, 79130.7, 2.99743
47.5, 0, -718473, 81042.2, -161.584
48, 0, -711698, 82886.7, -351.321
48.5, 0, -704956, 84664.4, -566.213
49, 0, -698247, 86375.1, -806.262
49.5, 0, -691827, 87889.5, -986.337
50, 0, -686544, 88891.4, -846.045
50.5, 0, -681438, 89938.3, -717.661
51, 0, -676510, 91030.2, -601.188
51.5, 0, -669522, 91974.7, -425.471
52, 0, -662814, 92941.3, -311.569
52.5, 0, -656396, 93930.8, -259.888
53, 0, -650268, 94943.1, -270.428
53.5, 0, -644428, 95978.3, -343.19
54, 0, -638879, 97036.3, -478.172
54.5, 0, -633144, 97781.9, -484.19
55, 0, -627305, 98363.2, -431.001
55.5, 0, -621539, 98923.5, -397.599
56, 0, -615848, 99462.7, -383.983
56.5, 0, -610231, 99980.9, -390.153
57, 0, -604689, 100478, -416.111
57.5, 0, -599049, 100990, -455.788
58, 0, -592846, 101592, -460.944
58.5, 0, -586994, 102074, -441.576
59, 0, -581490, 102437, -397.684
59.5, 0, -576337, 102681, -329.269
60, 0, -571533, 102806, -236.33
60.5, 0, -567078, 102812, -118.867
61, 0, -562324, 102863, -123.065
61.5, 0, -557320, 102975, -192.527
62, 0, -552315, 103086, -261.99
62.5, 0, -547311, 103197, -331.452
63, 0, -542306, 103308, -400.914
63.5, 0, -537302, 103419, -470.376
64, 0, -532297, 103530, -539.838
64.5, 0, -527517, 103506, -359.37
65, 0, -522806, 103470, -212.802
65.5, 0, -518159, 103426, -103.984
66, 0, -513578, 103373, -32.9169
66.5, 0, -509062, 103311, 0.399265
67, 0, -504611, 103240, -4.03539
67.5, 0, -500199, 103144, -62.7301
68, 0, -495631, 102958, -210.917
68.5, 0, -491008, 102768, -325.886
69, 0, -486331, 102576, -407.637
69.5, 0, -481598, 102381, -456.17
70, 0, -476959, 102204, -405.363
70.5, 0, -472760, 102049, -194.859
71, 0, -468703, 101854, -8.51316
71.5, 0, -464789, 101620, 153.674
72, 0, -461018, 101345, 291.702
72.5, 0, -457390, 101030, 405.572
73, 0, -453904, 100676, 495.283
73.5, 0, -450561, 100281, 560.836
74, 0, -447360, 99846.6, 602.231
74.5, 0, -444303, 99372, 619.467
75, 0, -440284, 98927.1, 412.464
75.5, 0, -436296, 98491, 180.619
76, 0, -432340, 98063.5, -75.9653
76.5, 0, -428414, 97644.8, -357.29
77, 0, -424746, 97264.8, -645.137
77.5, 0, -421237, 96858.2, -909.401
78, 0, -417692, 96468.1, -1039.75
78.5, 0, -413467, 96268.5, -688.432
79, 0, -409367, 96033.1, -400.945
79.5, 0, -405390, 95761.9, -177.291
80, 0, -401538, 95454.8, -17.4708
80.5, 0, -397811, 95112, 78.5166
81, 0, -394208, 94733.3, 110.671
81.5, 0, -390729, 94318.7, 78.9917
82, 0, -387374, 93868.4, -16.5204
82.5, 0, -384144, 93382.2, -175.866
83, 0, -381038, 92860.2, -399.044
83.5, 0, -377988, 92366.5, -635.548
84, 0, -374973, 91932.5, -813.734
84.5, 0, -372095, 91468.9, -984.392
85, 0, -369355, 90975.7, -1147.52
85.5, 0, -366529, 90517, -1120.9
86, 0, -363609, 90086.8, -997.098
86.5, 0, -360690, 89656.6, -873.018
87, 0, -357770, 89226.4, -748.661
87.5, 0, -354850, 88796.2, -624.025
88, 0, -351931, 88365.9, -499.111
88.5, 0, -349011, 87935.7, -373.92
89, 0, -346092, 87505.4, -248.45
89.5, 0, -343173, 87075.2, -122.703
90, 0, -340254, 86644.9, 3.32289
90.5, 0, -337335, 86214.6, 129.626
91, 0, -334683, 85747.3, 105.711
91.5, 0, -332289, 85242.6, -35.6035
92, 0, -329961, 84727, -178.091
92.5, 0, -327699, 84200.4, -321.751
93, 0, -325183, 83733.3, -403.621
93.5, 0, -322577, 83290.2, -443.536
94, 0, -320024, 82839.4, -467.491
94.5, 0, -317525, 82380.9, -475.486
95, 0, -315080, 81914.6, -467.52
95.5, 0, -312688, 81440.7, -443.595
96, 0, -310350, 80959, -403.709
96.5, 0, -308066, 80469.6, -347.862
97, 0, -305835, 79972.5, -276.056
97.5, 0, -303657, 79467.7, -188.289
98, 0, -301533, 78955.1, -84.562
98.5, 0, -299463, 78453.7, -32.7909
99, 0, -297414, 78004.5, -179.052
99.5, 0, -295364, 77555.3, -334.425
100, 0, -293314, 77106, -498.909
100.5, 0, -291156, 76687.6, -633.642
101, 0, -288712, 76350.4, -647.512
101.5, 0, -286317, 75998.6, -643.977
102, 0, -283971, 75632.3, -623.04
102.5, 0, -281674, 75251.5, -584.699
103, 0, -279425, 74856.2, -528.954
103.5, 0, -277225, 74446.3, -455.806
104, 0, -275073, 74021.9, -365.255
104.5, 0, -272970, 73582.9, -257.3
105, 0, -270916, 73129.5, -131.942
105.5, 0, -268911, 72661.5, 10.8196
106, 0, -266954, 72179, 170.985
106.5, 0, -265115, 71712.2, 226.403
107, 0, -263364, 71275.7, 149.766
107.5, 0, -261614, 70839.3, 72.6598
108, 0, -259864, 70403.1, -4.91656
108.5, 0, -258112, 69983.3, -53.5496
109, 0, -256358, 69594.3, -46.603
109.5, 0, -254604, 69205.3, -39.6566
110, 0, -252850, 68816.3, -32.7104
110.5, 0, -251097, 68427.3, -25.7644
111, 0, -249343, 68038.4, -18.8187
111.5, 0, -247589, 67649.4, -11.8733
112, 0, -245835, 67260.4, -4.928
112.5, 0, -244081, 66871.4, 2.01701
113, 0, -242327, 66482.4, 8.9618
113.5, 0, -240573, 66093.4, 15.9064
114, 0, -238819, 65704.5, 22.8507
114.5, 0, -237094, 65319.3, 9.34231
115, 0, -235480, 64954.8, -102.056
115.5, 0, -233864, 64599, -241.564
116, 0, -232235, 64249.2, -272.971
116.5, 0, -230635, 63893.6, -234.678
117, 0, -229079, 63531.1, -196.276
117.5, 0, -227566, 63161.6, -157.765
118, 0, -226096, 62785.1, -119.146
118.5, 0, -224669, 62401.6, -80.4175
119, 0, -223285, 62011.2, -41.5804
119.5, 0, -221945, 61613.8, -2.6345
120, 0, -220647, 61209.4, 36.4202
120.5, 0, -219393, 60798, 75.5837
121, 0, -218181, 60379.6, 114.856
121.5, 0, -217013, 59954.3, 154.237
122, 0, -215888, 59521.9, 193.727
122.5, 0, -214726, 59101.2, 172.288
123, 0, -213370, 58716.1, -15.8178
123.5, 0, -212016, 58316.5, -206.151
124, 0, -210381, 58065.1, -173.053
124.5, 0, -208785, 57804.9, -143.278
125, 0, -207228, 57536, -116.826
125.5, 0, -205709, 57258.4, -93.6967
126, 0, -204230, 56972, -73.8904
126.5, 0, -202790, 56676.9, -57.4068
127, 0, -201389, 56373.1, -44.2462
127.5, 0, -200026, 56060.5, -34.4083
128, 0, -198703, 55739.2, -27.8934
128.5, 0, -197419, 55409.2, -24.7013
129, 0, -196173, 55070.5, -24.8321
129.5, 0, -194967, 54723, -28.2857
130, 0, -193799, 54366.8, -35.0622
130.5, 0, -192671, 54001.9, -45.1615
131, 0, -191541, 53674.7, -124.88
131.5, 0, -190392, 53375.7, -236.688
132, 0, -189242, 53078.4, -337.199
132.5, 0, -188148, 52787, -328.751
133, 0, -187074, 52497.1, -285.852
133.5, 0, -186000, 52207.3, -242.885
134, 0, -184926, 51917.4, -199.85
134.5, 0, -183852, 51627.6, -156.745
135, 0, -182779, 51337.8, -113.573
135.5, 0, -181705, 51048, -70.3311
136, 0, -180631, 50758.2, -27.0211
136.5, 0, -179557, 50468.4, 16.3576
137, 0, -178483, 50178.6, 59.8049
137.5, 0, -177409, 49888.9, 103.321
138, 0, -176335, 49599.1, 146.905
138.5, 0, -175262, 49309.3, 190.558
139, 0, -174188, 49019.6, 234.28
139.5, 0, -173114, 48729.8, 278.071
140, 0, -171989, 48485.8, 203.072
140.5, 0, -170884, 48240.9, 122.101
141, 0, -169803, 47990.1, 47.6586
141.5, 0, -168885, 47739.8, 20.5307
142, 0, -167974, 47488.3, -2.36055
142.5, 0, -167065, 47235.4, -23.3328
143, 0, -166156, 46981.1, -42.3859
143.5, 0, -165247, 46725.4, -59.5201
144, 0, -164339, 46468.3, -74.7352
144.5, 0, -163432, 46209.7, -88.0312
145, 0, -162525, 45949.7, -99.4083
145.5, 0, -161619, 45688.3, -108.866
146, 0, -160714, 45425.5, -116.405
146.5, 0, -159809, 45161.3, -122.025
147, 0, -158905, 44895.6, -125.726
147.5, 0, -158001, 44628.5, -127.508
148, 0, -157098, 44360, -127.371
148.5, 0, -156196, 44090.1, -125.314
149, 0, -155300, 43847.3, -169.503
149.5, 0, -154436, 43617.2, -242.757
150, 0, -153604, 43380.1, -313.394
150.5, 0, -152853, 43167.1, -332.636
151, 0, -152132, 42972.1, -306.619
151.5, 0, -151396, 42770.8, -272.553
152, 0, -150644, 42563, -230.436
152.5, 0, -149875, 42348.9, -180.271
153, 0, -149098, 42081.5, -123.942
153.5, 0, -148318, 41783.6, -71.6852
154, 0, -147532, 41490.1, -24.9768
154.5, 0, -146740, 41201.1, 16.1832
155, 0, -145941, 40916.5, 51.7946
155.5, 0, -145137, 40636.4, 81.8576
156, 0, -144327, 40360.7, 106.372
156.5, 0, -143528, 40094.4, 116.5
157, 0, -142838, 39864.9, 66.7463
157.5, 0, -142146, 39637.3, 21.2964
158, 0, -141451, 39411.5, -19.8495
158.5, 0, -140753, 39187.5, -56.6912
159, 0, -140052, 38965.4, -89.2289
159.5, 0, -139348, 38745.1, -117.462
160, 0, -138642, 38526.6, -141.392
160.5, 0, -137932, 38310, -161.017
161, 0, -137220, 38095.2, -176.338
161.5, 0, -136505, 37882.2, -187.355
162, 0, -135787, 37671, -194.068
162.5, 0, -135066, 37461.7, -196.477
163, 0, -134343, 37254.2, -194.582
163.5, 0, -133617, 37048.6, -188.382
164, 0, -132901, 36860.5, -186.721
164.5, 0, -132197, 36672.6, -182.939
165, 0, -131502, 36483.2, -176.324
165.5, 0, -130818, 36292.4, -166.878
166, 0, -130143, 36100.2, -154.599
166.5, 0, -129479, 35906.7, -139.489
167, 0, -128824, 35711.7, -121.547
167.5, 0, -128180, 35515.3, -100.773
168, 0, -127545, 35317.5, -77.1675
168.5, 0, -126935, 35128.7, -60.3155
169, 0, -126363, 34962.7, -65.9187
169.5, 0, -125793, 34793.7, -71.7767
170, 0, -125225, 34621.7, -77.8895
170.5, 0, -124660, 34446.8, -84.2571
171, 0, -124097, 34268.8, -90.8795
171.5, 0, -123536, 34087.9, -97.7566
172, 0, -122977, 33904, -104.888
172.5, 0, -122421, 33717.2, -112.275
173, 0, -121866, 33527.3, -119.917
173.5, 0, -121314, 33334.5, -127.813
174, 0, -120764, 33138.7, -135.964
174.5, 0, -120217, 32939.9, -144.37
175, 0, -119671, 32738.2, -153.03
175.5, 0, -119128, 32533.5, -161.946
176, 0, -118587, 32325.8, -171.116
176.5, 0, -118042, 32121.8, -174.541
177, 0, -117466, 31950.8, -147.591
177.5, 0, -116898, 31778.7, -122.142
178, 0, -116337, 31605.5, -98.195
178.5, 0, -115784, 31431.1, -75.7493
179, 0, -115238, 31255.7, -54.805
179.5, 0, -114700, 31079, -35.3623
180, 0, -114271, 30912.7, -5.55934
180.5, 0, -113844, 30746.8, 24.6456
181, 0, -113418, 30581, 54.9306
181.5, 0, -112963, 30420.8, 73.5815
182, 0, -112461, 30270.1, 71.0303
182.5, 0, -111959, 30118.9, 68.1449
183, 0, -111459, 29967.1, 64.925
183.5, 0, -110961, 29814.7, 61.3709
184, 0, -110464, 29661.7, 57.4824
184.5, 0, -109968, 29508.1, 53.2596
185, 0, -109474, 29353.9, 48.7024
185.5, 0, -108981, 29199.2, 43.8109
186, 0, -108490, 29043.9, 38.585
186.5, 0, -108000, 28888, 33.0249
187, 0, -107511, 28731.5, 27.1304
187.5, 0, -107024, 28574.4, 20.9015
188, 0, -106539, 28416.7, 14.3383
188.5, 0, -106055, 28258.5, 7.44079
189, 0, -105572, 28099.6, 0.208928
189.5, 0, -105090, 27940.2, -7.35727
190, 0, -104610, 27780.2, -15.2578
190.5, 0, -104132, 27619.6, -23.4927
191, 0, -103655, 27458.4, -32.0619
191.5, 0, -103179, 27296.7, -40.9654
192, 0, -102705, 27134.3, -50.2033
192.5, 0, -102294, 26985.6, -42.8084
193, 0, -101916, 26846.2, -27.8833
193.5, 0, -101535, 26708.4, -15.3982
194, 0, -101151, 26572.3, -5.35314
194.5, 0, -100764, 26437.8, 2.25194
195, 0, -100374, 26305, 7.417
195.5, 0, -99981.5, 26173.9, 10.1421
196, 0, -99585.7, 26044.4, 10.4271
196.5, 0, -99187, 25916.7, 8.27213
197, 0, -98785.2, 25790.5, 3.67715
197.5, 0, -98380.5, 25666.1, -3.35785
198, 0, -97972.9, 25543.3, -12.8329
198.5, 0, -97562.3, 25422.1, -24.7479
199, 0, -97145.7, 25299.8, -41.9127
199.5, 0, -96725.1, 25170.2, -67.542
200, 0, -96313.4, 25040.9, -92.5638
200.5, 0, -95910.6, 24911.8, -116.978
201, 0, -95541.5, 24784.4, -112.299
201.5, 0, -95181.8, 24657.4, -97.9226
202, 0, -94822.2, 24530.4, -83.5128
202.5, 0, -94462.6, 24403.4, -69.0696
203, 0, -94102.9, 24276.5, -54.5932
203.5, 0, -93743.3, 24149.5, -40.0835
204, 0, -93383.6, 24022.5, -25.5405
204.5, 0, -93024, 23895.6, -10.9643
205, 0, -92664.3, 23768.6, 3.64525
205.5, 0, -92304.7, 23641.7, 18.2881
206, 0, -91945, 23514.8, 32.9642
206.5, 0, -91585.3, 23387.8, 47.6735
207, 0, -91225.7, 23260.9, 62.4162
207.5, 0, -90866, 23134, 77.1921
208, 0, -90506.4, 23007, 92.0013
208.5, 0, -90146.7, 22880.1, 106.844
209, 0, -89787, 22753.2, 121.72
209.5, 0, -89427.4, 22626.3, 136.629
210, 0, -89072.1, 22501.9, 142.367
210.5, 0, -88731.6, 22384.3, 121.886
211, 0, -88394.4, 22266.3, 101.496
211.5, 0, -88060.5, 22147.9, 81.1969
212, 0, -87732.6, 22028, 57.9894
212.5, 0, -87409.4, 21907.4, 34.8671
213, 0, -87089.1, 21787.2, 14.1383
213.5, 0, -86771.6, 21667.3, -4.19679
214, 0, -86457, 21547.7, -20.1383
214.5, 0, -86145.2, 21428.4, -33.6862
215, 0, -85836.3, 21309.5, -44.8404
215.5, 0, -85530.2, 21190.8, -53.6011
216, 0, -85226.9, 21072.4, -59.9681
216.5, 0, -84926.6, 20954.4, -63.9415
217, 0, -84629, 20836.7, -65.5213
217.5, 0, -84334.3, 20719.2, -64.7074
218, 0, -84042.5, 20602.1, -61.5
218.5, 0, -83753.5, 20485.3, -55.8989
219, 0, -83467.4, 20368.8, -47.9042
219.5, 0, -83184.1, 20252.6, -37.5159
220, 0, -82903.6, 20136.7, -24.734
220.5, 0, -82626.1, 20021.1, -9.55847
221, 0, -82351.3, 19905.9, 8.01069
221.5, 0, -82064.7, 19795.4, 9.24033
222, 0, -81770.2, 19687.6, 0.201786
222.5, 0, -81475.7, 19579.8, -8.92372
223, 0, -81181.2, 19472, -18.1362
223.5, 0, -80865.8, 19386.1, -9.53532
224, 0, -80553.9, 19299.7, 0.0306061
224.5, 0, -80247.8, 19210.4, 8.78996
225, 0, -79947.4, 19118.3, 16.7427
225.5, 0, -79652.9, 19023.3, 23.8889
226, 0, -79364.2, 18925.4, 30.2286
226.5, 0, -79081.3, 18824.7, 35.7616
227, 0, -78804.2, 18721.2, 40.4881
227.5, 0, -78532.8, 18614.8, 44.408
228, 0, -78267.3, 18505.5, 47.5213
228.5, 0, -78007.5, 18393.4, 49.8281
229, 0, -77753.6, 18278.4, 51.3283
229.5, 0, -77505.5, 18160.6, 52.0219
230, 0, -77263.1, 18039.9, 51.9089
230.5, 0, -77026.6, 17916.3, 50.9894
231, 0, -76771, 17820.2, 37.7528
231.5, 0, -76514.9, 17724.7, 24.7058
232, 0, -76258.8, 17629.4, 12.0523
232.5, 0, -76002.6, 17534.2, -0.207854
233, 0, -75746.3, 17439.1, -12.0745
233.5, 0, -75490, 17344.2, -23.5477
234, 0, -75233.6, 17249.5, -34.6275
234.5, 0, -74977.1, 17154.8, -45.3137
235, 0, -74721.4, 17063.9, -48.8809
235.5, 0, -74468.9, 16979, -40.6487
236, 0, -74218.8, 16893.3, -32.8379
236.5, 0, -73971.1, 16806.8, -25.4482
237, 0, -73725.7, 16719.7, -18.4798
237.5, 0, -73482.7, 16631.9, -11.9327
238, 0, -73242.1, 16543.3, -5.80682
238.5, 0, -73003.9, 16454, -0.10218
239, 0, -72768.1, 16364.1, 5.18121
239.5, 0, -72534.7, 16273.4, 10.0434
240, 0, -72303.6, 16182, 14.4842
240.5, 0, -72074.9, 16089.8, 18.5039
241, 0, -71848.6, 15997, 22.1023
241.5, 0, -71624.7, 15903.4, 25.2794
242, 0, -71403.2, 15809.2, 28.0353
242.5, 0, -71183.8, 15715, 29.8339
243, 0, -70962.2, 15631.5, 23.9634
243.5, 0, -70740.6, 15548.1, 17.6855
244, 0, -70518.9, 15464.8, 11.0003
244.5, 0, -70297.1, 15381.7, 3.90757
245, 0, -70075.3, 15298.7, -3.59252
245.5, 0, -69853.4, 15215.9, -11.5
246, 0, -69631.5, 15133.3, -19.8149
246.5, 0, -69409.5, 15050.7, -28.5372
247, 0, -69189.8, 14969.6, -33.7092
247.5, 0, -68981.8, 14893.5, -21.518
248, 0, -68775.1, 14816.7, -10.3023
248.5, 0, -68569.9, 14739.1, -0.0620646
249, 0, -68366.1, 14660.8, 9.20261
249.5, 0, -68163.6, 14581.7, 17.4918
250, 0, -67962.6, 14501.8, 24.8054
250.5, 0, -67762.9, 14421.2, 31.1435
251, 0, -67564.7, 14339.8, 36.5061
251.5, 0, -67367.8, 14257.6, 40.8932
252, 0, -67172.3, 14174.7, 44.3048
252.5, 0, -66978.3, 14091, 46.7408
253, 0, -66785.6, 14006.6, 48.2013
253.5, 0, -66594.3, 13921.4, 48.6864
254, 0, -66404.4, 13835.4, 48.1959
254.5, 0, -66215.9, 13748.7, 46.7298
255, 0, -66026.4, 13666.8, 41.8008
255.5, 0, -65833.9, 13592.1, 33.3079
256, 0, -65641.4, 13517.4, 24.815
256.5, 0, -65449, 13442.7, 16.3221
257, 0, -65256.5, 13368, 7.82919
257.5, 0, -65064.1, 13293.3, -0.663712
258, 0, -64871.6, 13218.6, -9.15661
258.5, 0, -64679.2, 13143.9, -17.6495
259, 0, -64486.7, 13069.2, -26.1424
259.5, 0, -64293.5, 12995.3, -29.8689
260, 0, -64099.5, 12924, -19.6092
260.5, 0, -63907.8, 12852.6, -10.0749
261, 0, -63718.6, 12781, -1.26596
261.5, 0, -63531.7, 12709.2, 6.8176
262, 0, -63347.2, 12637.2, 14.1758
262.5, 0, -63165.1, 12565.1, 20.8086
263, 0, -62985.4, 12492.9, 26.716
263.5, 0, -62808.1, 12420.4, 31.8981
264, 0, -62633.2, 12347.8, 36.3548
264.5, 0, -62460.7, 12275.1, 40.0861
265, 0, -62290.5, 12202.1, 43.092
265.5, 0, -62122.7, 12129, 45.3726
266, 0, -61957.4, 12055.8, 46.9278
266.5, 0, -61794.4, 11982.4, 47.7576
267, 0, -61633.8, 11908.8, 47.862
267.5, 0, -61475.6, 11835, 47.241
268, 0, -61311.4, 11767.3, 38.8046
268.5, 0, -61144.9, 11701.5, 29.0189
269, 0, -60978.3, 11635.8, 20.1946
269.5, 0, -60811.6, 11570.1, 12.3317
270, 0, -60644.9, 11504.6, 5.43014
270.5, 0, -60478.1, 11439.1, -0.510002
271, 0, -60311.2, 11373.7, -5.48875
271.5, 0, -60144.3, 11308.4, -9.50611
272, 0, -59977.3, 11243.2, -12.5621
272.5, 0, -59810.2, 11178.1, -14.6566
273, 0, -59643, 11113, -15.7898
273.5, 0, -59475.8, 11048.1, -15.9616
274, 0, -59310.9, 10984.3, -13.9912
274.5, 0, -59151.9, 10922.3, -9.66608
275, 0, -58995.5, 10860.4, -5.432
275.5, 0, -58841.5, 10798.3, -1.28901
276, 0, -58690, 10736.2, 2.7629
276.5, 0, -58541, 10674, 6.72372
277, 0, -58394.5, 10611.8, 10.5935
277.5, 0, -58250.5, 10549.5, 14.3721
278, 0, -58109, 10487.1, 18.0597
278.5, 0, -57970, 10424.7, 21.6562
279, 0, -57833.5, 10362.1, 25.1616
279.5, 0, -57699.5, 10299.6, 28.5759
280, 0, -57568, 10236.9, 31.8991
280.5, 0, -57439, 10174.2, 35.1313
281, 0, -57296.7, 10114.2, 32.7648
281.5, 0, -57151.3, 10054.5, 29.3458
282, 0, -57006.1, 9994.71, 26.0531
282.5, 0, -56860.8, 9934.74, 22.8865
283, 0, -56715.7, 9874.6, 19.8461
283.5, 0, -56570.6, 9814.29, 16.9319
284, 0, -56425.6, 9753.82, 14.1439
284.5, 0, -56280.7, 9693.18, 11.482
285, 0, -56135.8, 9632.38, 8.9464
285.5, 0, -55991, 9571.42, 6.53695
286, 0, -55846.2, 9510.28, 4.25368
286.5, 0, -55701.6, 9448.99, 2.09661
287, 0, -55558.5, 9388.02, -0.0330974
287.5, 0, -55433.5, 9332.76, -3.25191
288, 0, -55308.4, 9277.5, -6.47103
288.5, 0, -55183.4, 9222.23, -9.69046
289, 0, -55058.3, 9166.97, -12.9102
289.5, 0, -54933.3, 9111.71, -16.1302
290, 0, -54808.3, 9056.45, -19.3506
290.5, 0, -54683.2, 9001.18, -22.5712
291, 0, -54558.2, 8945.92, -25.7922
291.5, 0, -54433.1, 8890.65, -29.0134
292, 0, -54308.1, 8835.39, -32.235
292.5, 0, -54183.1, 8780.13, -35.4569
293, 0, -54058, 8724.86, -38.6791
293.5, 0, -53933, 8669.6, -41.9016
294, 0, -53806.7, 8614.33, -44.1778
294.5, 0, -53669.9, 8559.09, -37.7819
295, 0, -53534.6, 8503.93, -31.8234
295.5, 0, -53400.9, 8448.86, -26.3024
296, 0, -53268.7, 8393.87, -21.2188
296.5, 0, -53138, 8338.97, -16.5727
297, 0, -53008.9, 8284.15, -12.364
297.5, 0, -52881.4, 8229.42, -8.59274
298, 0, -52755.4, 8174.77, -5.25894
298.5, 0, -52630.9, 8120.2, -2.36258
299, 0, -52508.1, 8065.72, 0.0963309
299.5, 0, -52386.7, 8011.33, 2.1178
300, 0, -52266.9, 7957.02, 3.70182
300.5, 0, -52157.1, 7905.19, -0.245492
301, 0, -52050.6, 7854.44, -5.68597
301.5, 0, -51944.4, 7803.94, -10.6477
302, 0, -51838.3, 7753.68, -15.1306
302.5, 0, -51732.4, 7703.65, -19.1347
303, 0, -51626.7, 7653.87, -22.66
303.5, 0, -51521.1, 7604.33, -25.7065
304, 0, -51415.7, 7555.03, -28.2743
304.5, 0, -51310.5, 7505.97, -30.3632
305, 0, -51205.5, 7457.15, -31.9734
305.5, 0, -51100.7, 7408.57, -33.1048
306, 0, -50996, 7360.23, -33.7573
306.5, 0, -50891.5, 7312.13, -33.9311
307, 0, -50787.2, 7264.27, -33.6262
307.5, 0, -50683.1, 7216.65, -32.8424
308, 0, -50579.2, 7169.27, -31.5798
308.5, 0, -50475.4, 7122.13, -29.8384
309, 0, -50367.7, 7075.52, -26.8048
309.5, 0, -50256.9, 7029.31, -22.9731
310, 0, -50146.7, 6983.24, -19.1375
310.5, 0, -50037.1, 6937.32, -15.2981
311, 0, -49928, 6891.54, -11.4547
311.5, 0, -49819.5, 6845.9, -7.60743
312, 0, -49711.6, 6800.41, -3.75628
312.5, 0, -49608.1, 6754.87, 0.37
313, 0, -49511.5, 6709.11, 5.47354
313.5, 0, -49414.8, 6663.41, 11.3253
314, 0, -49318.1, 6617.78, 17.9254
314.5, 0, -49221.4, 6572.22, 25.2737
315, 0, -49124.7, 6526.73, 33.3702
315.5, 0, -49023.6, 6479.73, 29.7544
316, 0, -48922.9, 6432.88, 25.9671
316.5, 0, -48822.6, 6386.22, 22.4236
317, 0, -48722.8, 6339.77, 19.1237
317.5, 0, -48623.4, 6293.52, 16.0675
318, 0, -48524.4, 6247.47, 13.2551
318.5, 0, -48426, 6201.62, 10.6864
319, 0, -48327.9, 6155.97, 8.36135
319.5, 0, -48230.4, 6110.53, 6.28004
320, 0, -48133.3, 6065.28, 4.44244
320.5, 0, -48036.6, 6020.24, 2.84855
321, 0, -47940.4, 5975.39, 1.49837
321.5, 0, -47844.7, 5930.75, 0.391904
322, 0, -47749.4, 5886.31, -0.470855
322.5, 0, -47654.5, 5842.07, -1.0899
323, 0, -47560.2, 5798.03, -1.46524
323.5, 0, -47466.2, 5754.19, -1.59687
324, 0, -47372.8, 5710.56, -1.48479
324.5, 0, -47279.8, 5667.12, -1.12899
325, 0, -47187.2, 5623.89, -0.529489
325.5, 0, -47095.1, 5580.85, 0.313725
326, 0, -47003.4, 5538.02, 1.40065
326.5, 0, -46915, 5498.18, 4.92298
327, 0, -46827.4, 5458.3, 8.39795
327.5, 0, -46740.5, 5418.17, 11.6456
328, 0, -46654.1, 5377.77, 14.6659
328.5, 0, -46568.4, 5337.11, 17.4588
329, 0, -46484.6, 5299.62, 16.014
329.5, 0, -46401.6, 5262.99, 13.4839
330, 0, -46319, 5226.26, 11.0668
330.5, 0, -46236.9, 5189.43, 8.76258
331, 0, -46155.1, 5152.48, 6.5713
331.5, 0, -46073.8, 5115.43, 4.49296
332, 0, -45993, 5078.26, 2.52754
332.5, 0, -45912.6, 5041, 0.675066
333, 0, -45832.6, 5003.62, -1.06448
333.5, 0, -45753, 4966.13, -2.69109
334, 0, -45673.9, 4928.54, -4.20476
334.5, 0, -45595.2, 4890.84, -5.60551
335, 0, -45517, 4853.03, -6.89331
335.5, 0, -45439.1, 4815.11, -8.06819
336, 0, -45361.8, 4777.09, -9.13013
336.5, 0, -45284.8, 4738.95, -10.0791
337, 0, -45208.3, 4700.71, -10.9152
337.5, 0, -45132.2, 4662.36, -11.6383
338, 0, -45056.5, 4623.91, -12.2486
338.5, 0, -44981.3, 4585.34, -12.7458
339, 0, -44906.5, 4546.67, -13.1302
339.5, 0, -44832.2, 4507.89, -13.4016
340, 0, -44758.2, 4469, -13.56
340.5, 0, -44678.2, 4429.21, -11.9832
341, 0, -44589.3, 4388.23, -8.05743
341.5, 0, -44501.3, 4347.23, -4.18531
342, 0, -44418.8, 4307.63, -0.0771338
342.5, 0, -44355.5, 4273.88, 5.05605
343, 0, -44292.2, 4240.34, 10.0022
343.5, 0, -44228.9, 4207, 14.7615
344, 0, -44165.7, 4173.87, 19.3337
344.5, 0, -44102.5, 4140.94, 23.7189
345, 0, -44036.1, 4108.24, 26.7239
345.5, 0, -43960.4, 4075.63, 26.218
346, 0, -43885.1, 4042.97, 25.65
346.5, 0, -43810.1, 4010.27, 25.0198
347, 0, -43735.5, 3977.53, 24.3275
347.5, 0, -43661.1, 3944.74, 23.5729
348, 0, -43587.2, 3911.9, 22.7561
348.5, 0, -43513.5, 3879.02, 21.8772
349, 0, -43440.2, 3846.1, 20.9361
349.5, 0, -43367.2, 3813.13, 19.9327
350, 0, -43294.6, 3780.12, 18.8672
350.5, 0, -43222.3, 3747.06, 17.7395
351, 0, -43150.3, 3713.96, 16.5496
351.5, 0, -43078.7, 3680.81, 15.2976
352, 0, -43007.4, 3647.62, 13.9833
352.5, 0, -42936.4, 3614.38, 12.6069
353, 0, -42865.8, 3581.1, 11.1682
353.5, 0, -42795.5, 3547.78, 9.66739
354, 0, -42725.5, 3514.41, 8.10438
354.5, 0, -42655.9, 3481, 6.47918
355, 0, -42586.6, 3447.54, 4.79179
355.5, 0, -42517.6, 3414.03, 3.04221
356, 0, -42449, 3380.49, 1.23045
356.5, 0, -42380.7, 3346.89, -0.643503
357, 0, -42312.7, 3313.26, -2.57964
357.5, 0, -42246.3, 3279.82, -4.09341
358, 0, -42187.5, 3248, -2.7211
358.5, 0, -42129.1, 3216.5, -1.4456
359, 0, -42070.9, 3185.31, -0.266909
359.5, 0, -42013.1, 3154.43, 0.814965
360, 0, -41955.5, 3123.87, 1.80003
360.5, 0, -41898.3, 3093.62, 2.68827
361, 0, -41841.4, 3063.68, 3.47971
361.5, 0, -41784.8, 3034.06, 4.17432
362, 0, -41728.6, 3004.75, 4.77213
362.5, 0, -41672.6, 2975.75, 5.27312
363, 0, -41617, 2947.06, 5.6773
363.5, 0, -41561.7, 2918.69, 5.98466
364, 0, -41506.6, 2890.64, 6.19522
364.5, 0, -41451.9, 2862.89, 6.30895
365, 0, -41397.6, 2835.46, 6.32588
365.5, 0, -41343.5, 2808.34, 6.24598
366, 0, -41289.7, 2781.54, 6.06928
366.5, 0, -41236.3, 2755.04, 5.79576
367, 0, -41183.2, 2728.87, 5.42543
367.5, 0, -41130.4, 2703, 4.95828
368, 0, -41077.9, 2677.45, 4.39433
368.5, 0, -41025.7, 2652.21, 3.73355
369, 0, -40973.8, 2627.28, 2.97597
369.5, 0, -40922.3, 2602.67, 2.12157
370, 0, -40871, 2578.37, 1.17035
370.5, 0, -40820.1, 2554.38, 0.122323
371, 0, -40767.1, 2530.15, 0.641606
371.5, 0, -40706.7, 2504.34, 6.51932
372, 0, -40646.2, 2478.75, 12.3485
372.5, 0, -40585.7, 2453.38, 18.1291
373, 0, -40525.2, 2428.23, 23.8611
373.5, 0, -40468.4, 2403.11, 27.7473
374, 0, -40423.5, 2377.42, 25.9141
374.5, 0, -40379.1, 2351.64, 23.896
375, 0, -40323.7, 2324.52, 22.0046
375.5, 0, -40266.9, 2297.25, 20.2211
376, 0, -40210.8, 2270.08, 18.5117
376.5, 0, -40155.4, 2242.99, 16.8764
377, 0, -40100.6, 2215.98, 15.3152
377.5, 0, -40046.5, 2189.07, 13.8282
378, 0, -39993, 2162.24, 12.4153
378.5, 0, -39940.2, 2135.5, 11.0766
379, 0, -39888.1, 2108.84, 9.81199
379.5, 0, -39836.6, 2082.27, 8.62152
380, 0, -39785.8, 2055.79, 7.50518
380.5, 0, -39735.6, 2029.39, 6.46297
381, 0, -39686.1, 2003.08, 5.4949
381.5, 0, -39637.3, 1976.86, 4.60096
382, 0, -39589.1, 1950.73, 3.78115
382.5, 0, -39541.6, 1924.68, 3.03548
383, 0, -39494.8, 1898.72, 2.36394
383.5, 0, -39448.6, 1872.84, 1.76654
384, 0, -39403.1, 1847.06, 1.24327
384.5, 0, -39358.2, 1821.36, 0.794131
385, 0, -39314, 1795.74, 0.419128
385.5, 0, -39270.5, 1770.21, 0.11826
386, 0, -39227.6, 1744.77, -0.108474
386.5, 0, -39185.1, 1719.22, -0.242789
387, 0, -39142.4, 1693.12, -0.206765
387.5, 0, -39100.3, 1667.19, -0.0403298
388, 0, -39058.8, 1641.42, 0.256518
388.5, 0, -39017.9, 1615.82, 0.683778
389, 0, -38977.7, 1590.38, 1.24145
389.5, 0, -38938, 1565.11, 1.92953
390, 0, -38897, 1541.06, 1.31476
390.5, 0, -38852.7, 1519.15, -2.2116
391, 0, -38807.3, 1499.89, -2.28
391.5, 0, -38761.9, 1481.24, -1.5433
392, 0, -38716.8, 1462.53, -0.889965
392.5, 0, -38672, 1443.75, -0.319984
393, 0, -38627.5, 1424.91, 0.166641
393.5, 0, -38583.2, 1406.01, 0.56991
394, 0, -38539.2, 1387.04, 0.889823
394.5, 0, -38495.5, 1368.01, 1.12638
395, 0, -38452.1, 1348.92, 1.27958
395.5, 0, -38409, 1329.76, 1.34943
396, 0, -38366.1, 1310.54, 1.33591
396.5, 0, -38323.5, 1291.26, 1.23905
397, 0, -38281.2, 1271.91, 1.05882
397.5, 0, -38239.2, 1252.5, 0.795245
398, 0, -38197.5, 1233.03, 0.44831
398.5, 0, -38156, 1213.49, 0.0180187
399, 0, -38114.9, 1193.89, -0.495629
399.5, 0, -38074, 1174.22, -1.09263
400, 0, -38033.4, 1154.49, -1.77299
400.5, 0, -37993.1, 1134.7, -2.53671
401, 0, -37953.1, 1114.84, -3.38378
401.5, 0, -37913.3, 1094.92, -4.31421
402, 0, -37873.8, 1074.94, -5.32799
402.5, 0, -37834.6, 1054.89, -6.42513
403, 0, -37795.7, 1034.78, -7.60562
403.5, 0, -37757.1, 1014.61, -8.86948
404, 0, -37718.8, 994.369, -10.2167
404.5, 0, -37680.7, 974.068, -11.6472
405, 0, -37642.9, 953.703, -13.1612
405.5, 0, -37605.4, 933.274, -14.7584
406, 0, -37568.2, 912.782, -16.4391
406.5, 0, -37531.3, 892.227, -18.2031
407, 0, -37495.6, 872.465, -20.2799
407.5, 0, -37461.9, 853.974, -22.6915
408, 0, -37428.7, 836.021, -21.335
408.5, 0, -37395.7, 818.209, -19.9899
409, 0, -37362.9, 800.541, -18.656
409.5, 0, -37330.4, 783.014, -17.3335
410, 0, -37298.1, 765.63, -16.0223
410.5, 0, -37266.1, 748.388, -14.7223
411, 0, -37234.4, 731.289, -13.4337
411.5, 0, -37202.9, 714.332, -12.1564
412, 0, -37171.6, 697.518, -10.8905
412.5, 0, -37140.7, 680.845, -9.6358
413, 0, -37109.9, 664.316, -8.39244
413.5, 0, -37079.4, 647.928, -7.16039
414, 0, -37049.2, 631.683, -5.93966
414.5, 0, -37019.2, 615.581, -4.73023
415, 0, -36989.5, 599.621, -3.53212
415.5, 0, -36960, 583.803, -2.34532
416, 0, -36930.8, 568.128, -1.16983
416.5, 0, -36901.8, 552.595, -0.00564574
417, 0, -36873.1, 537.204, 1.14722
417.5, 0, -36844.6, 521.956, 2.28878
418, 0, -36816.4, 506.85, 3.41903
418.5, 0, -36788.4, 491.887, 4.53797
419, 0, -36760.7, 477.066, 5.64559
419.5, 0, -36733.2, 462.387, 6.74191
420, 0, -36706, 447.851, 7.82691
420.5, 0, -36679.1, 433.458, 8.9006
421, 0, -36652.4, 419.206, 9.96298
421.5, 0, -36625.9, 405.097, 11.0141
422, 0, -36599.7, 391.131, 12.0538
422.5, 0, -36573.8, 377.306, 13.0823
423, 0, -36548.1, 363.625, 14.0994
423.5, 0, -36522.6, 350.085, 15.1052
424, 0, -36497.4, 336.688, 16.0997
424.5, 0, -36472.3, 322.611, 16.1315
425, 0, -36446.4, 307.262, 14.3188
425.5, 0, -36417, 291.232, 10.2952
426, 0, -36387.8, 275.356, 6.47339
426.5, 0, -36358.9, 259.633, 2.85347
427, 0, -36330.2, 244.066, -0.564593
427.5, 0, -36301.8, 228.652, -3.78079
428, 0, -36273.7, 213.392, -6.79513
428.5, 0, -36245.8, 198.286, -9.60761
429, 0, -36218.1, 183.334, -12.2182
429.5, 0, -36190.7, 168.537, -14.627
430, 0, -36163.6, 153.893, -16.8339
430.5, 0, -36136.7, 139.404, -18.8389
431, 0, -36110.1, 125.069, -20.6421
431.5, 0, -36083.8, 110.887, -22.2434
432, 0, -36057.7, 96.8604, -23.6428
432.5, 0, -36031.8, 82.9873, -24.8404
433, 0, -36006.2, 69.2683, -25.8361
433.5, 0, -35980.9, 55.7035, -26.63
434, 0, -35955.8, 42.2927, -27.222
434.5, 0, -35931, 29.036, -27.6121
435, 0, -35906.5, 15.9333, -27.8004
435.5, 0, -35882.2, 2.98479, -27.7868
436, 0, -35858.1, -9.80967, -27.5714
436.5, 0, -35834.3, -22.45, -27.1541
437, 0, -35810.8, -34.9363, -26.5349
437.5, 0, -35787.5, -47.2685, -25.7139
438, 0, -35764.5, -59.4466, -24.691
438.5, 0, -35741.7, -71.4707, -23.4662
439, 0, -35719.2, -83.3406, -22.0396
439.5, 0, -35697, -95.0565, -20.4111
440, 0, -35675, -106.618, -18.5808
440.5, 0, -35653.2, -118.026, -16.5486
441, 0, -35631.7, -129.28, -14.3145
441.5, 0, -35610.5, -140.379, -11.8786
442, 0, -35589.5, -151.325, -9.24078
442.5, 0, -35566.9, -162.006, -9.19469
443, 0, -35544.8, -171.855, -9.32742
443.5, 0, -35525, -181.537, -7.08472
444, 0, -35505.4, -191.189, -4.92746
444.5, 0, -35486.3, -200.809, -2.85564
445, 0, -35467.5, -210.399, -0.869257
445.5, 0, -35449, -219.959, 1.03168
446, 0, -35430.9, -229.487, 2.84718
446.5, 0, -35413.1, -238.985, 4.57724
447, 0, -35395.7, -248.453, 6.22187
447.5, 0, -35378.6, -257.89, 7.78105
448, 0, -35361.9, -267.296, 9.25479
448.5, 0, -35345.5, -276.672, 10.6431
449, 0, -35329.5, -286.017, 11.946
449.5, 0, -35313.8, -295.332, 13.1634
450, 0, -35298.5, -304.615, 14.2954
450.5, 0, -35283.5, -313.869, 15.3419
451, 0, -35268.9, -323.091, 16.303
451.5, 0, -35254.6, -332.283, 17.1787
452, 0, -35240.6, -341.445, 17.9689
452.5, 0, -35227.1, -350.576, 18.6737
453, 0, -35213.8, -359.676, 19.293
453.5, 0, -35200.9, -368.746, 19.8269
454, 0, -35188.4, -377.785, 20.2754
454.5, 0, -35176.2, -386.793, 20.6384
455, 0, -35164.4, -395.771, 20.916
455.5, 0, -35152.9, -404.718, 21.1081
456, 0, -35141.7, -413.634, 21.2148
456.5, 0, -35130.9, -422.52, 21.2361
457, 0, -35120.5, -431.376, 21.1719
457.5, 0, -35110.4, -440.2, 21.0223
458, 0, -35100.7, -448.994, 20.7872
458.5, 0, -35091.3, -457.758, 20.4668
459, 0, -35082.2, -466.491, 20.0608
459.5, 0, -35073.5, -475.193, 19.5694
460, 0, -35065.1, -483.865, 18.9926
460.5, 0, -35057.1, -492.506, 18.3304
461, 0, -35049.5, -501.116, 17.5827
461.5, 0, -35034.2, -507.907, 15.9444
462, 0, -35012.7, -512.657, 16.0469
462.5, 0, -34991.8, -517.428, 16.1442
463, 0, -34971.6, -522.219, 16.2364
463.5, 0, -34951.9, -527.032, 16.3235
464, 0, -34932.9, -531.866, 16.4054
464.5, 0, -34914.6, -536.72, 16.4821
465, 0, -34896.8, -541.596, 16.5537
465.5, 0, -34879.8, -546.493, 16.6201
466, 0, -34863.3, -551.411, 16.6814
466.5, 0, -34847.5, -556.349, 16.7376
467, 0, -34832.3, -561.309, 16.7886
467.5, 0, -34817.7, -566.29, 16.8344
468, 0, -34803.8, -571.291, 16.8751
468.5, 0, -34790.5, -576.314, 16.9107
469, 0, -34777.9, -581.358, 16.941
469.5, 0, -34765.9, -586.423, 16.9663
470, 0, -34754.5, -591.508, 16.9864
470.5, 0, -34743.7, -596.615, 17.0013
471, 0, -34733.6, -601.743, 17.0111
471.5, 0, -34724.2, -606.891, 17.0157
472, 0, -34715.3, -612.061, 17.0152
472.5, 0, -34707.1, -617.252, 17.0096
473, 0, -34699.5, -622.463, 16.9988
473.5, 0, -34692.6, -627.696, 16.9828
474, 0, -34686.3, -632.95, 16.9617
474.5, 0, -34680.6, -638.224, 16.9354
475, 0, -34675.6, -643.52, 16.904
475.5, 0, -34671.2, -648.837, 16.8674
476, 0, -34667.4, -654.174, 16.8257
476.5, 0, -34664.3, -659.533, 16.7789
477, 0, -34661.8, -664.913, 16.7268
477.5, 0, -34659.9, -670.313, 16.6697
478, 0, -34658.7, -675.735, 16.6074
478.5, 0, -34658.1, -681.178, 16.5399
479, 0, -34658.2, -686.641, 16.4673
479.5, 0, -34658.8, -692.126, 16.3895
480, 0, -34660.2, -697.632, 16.3066
480.5, 0, -34656.8, -701.449, 16.2472
481, 0, -34645.3, -702.612, 16.2608
481.5, 0, -34634.2, -703.846, 16.316
482, 0, -34623.3, -705.151, 16.4129
482.5, 0, -34612.6, -706.526, 16.5515
483, 0, -34602.3, -707.972, 16.7318
483.5, 0, -34592.2, -709.489, 16.9538
484, 0, -34582.5, -711.076, 17.2174
484.5, 0, -34573, -712.734, 17.5228
485, 0, -34563.7, -714.462, 17.8699
485.5, 0, -34554.8, -716.261, 18.2587
486, 0, -34546.1, -718.131, 18.6892
486.5, 0, -34537.7, -720.072, 19.1614
487, 0, -34529.6, -722.082, 19.6753
487.5, 0, -34521.8, -724.164, 20.2309
488, 0, -34514.2, -726.316, 20.8281
488.5, 0, -34506.9, -728.539, 21.4671
489, 0, -34499.9, -730.832, 22.1478
489.5, 0, -34493.2, -733.196, 22.8702
490, 0, -34486.8, -735.631, 23.6342
490.5, 0, -34480.6, -738.136, 24.44
491, 0, -34474.7, -740.712, 25.2875
491.5, 0, -34469.1, -743.359, 26.1766
492, 0, -34463.7, -746.076, 27.1075
492.5, 0, -34458.7, -748.864, 28.08
493, 0, -34453.9, -751.722, 29.0943
493.5, 0, -34449.4, -754.651, 30.1503
494, 0, -34445.2, -757.651, 31.2479
494.5, 0, -34441.2, -760.721, 32.3873
495, 0, -34437.6, -763.862, 33.5683
495.5, 0, -34434.2, -767.074, 34.7911
496, 0, -34431.1, -770.356, 36.0555
496.5, 0, -34428.2, -773.708, 37.3617
497, 0, -34425.7, -777.132, 38.7095
497.5, 0, -34423.4, -780.626, 40.0991
498, 0, -34421.4, -784.19, 41.5303
498.5, 0, -34419.7, -787.826, 43.0032
499, 0, -34418.2, -791.532, 44.5179
499.5, 0, -34417, -795.308, 46.0742
