x,y,sigxx,sigyy,sigxy
0, 0, -1.72067e+06, -1.69036e+06, -582.31
0.5, 0, -1.72051e+06, -1.6529e+06, -187.557
1, 0, -1.72034e+06, -1.61551e+06, 129.043
1.5, 0, -1.72017e+06, -1.57818e+06, 367.489
2, 0, -1.71998e+06, -1.54093e+06, 527.781
2.5, 0, -1.71978e+06, -1.5038e+06, 577.811
3, 0, -1.71946e+06, -1.46713e+06, 358.635
3.5, 0, -1.71915e+06, -1.43047e+06, 139.459
4, 0, -1.71883e+06, -1.3938e+06, -79.7166
4.5, 0, -1.71852e+06, -1.35714e+06, -298.892
5, 0, -1.71801e+06, -1.32059e+06, -198.527
5.5, 0, -1.71701e+06, -1.28453e+06, 563.273
6, 0, -1.71601e+06, -1.24881e+06, 1125.22
6.5, 0, -1.715e+06, -1.21341e+06, 1487.32
7, 0, -1.71399e+06, -1.17834e+06, 1649.58
7.5, 0, -1.71285e+06, -1.14365e+06, 1428.81
8, 0, -1.71128e+06, -1.10943e+06, 657.818
8.5, 0, -1.70959e+06, -1.07562e+06, -51.211
9, 0, -1.70778e+06, -1.0422e+06, -698.277
9.5, 0, -1.70586e+06, -1.00918e+06, -1283.38
10, 0, -1.7035e+06, -976465, -1200.91
10.5, 0, -1.70037e+06, -944032, 173.26
11, 0, -1.69732e+06, -912173, 1183.05
11.5, 0, -1.69437e+06, -880887, 1828.47
12, 0, -1.69151e+06, -850176, 2109.51
12.5, 0, -1.68857e+06, -820219, 1951.1
13, 0, -1.68443e+06, -791882, 1044.19
13.5, 0, -1.68032e+06, -763442, 143.818
14, 0, -1.67625e+06, -734898, -750.029
14.5, 0, -1.67221e+06, -706251, -1637.35
15, 0, -1.6682e+06, -677501, -2518.14
15.5, 0, -1.66223e+06, -650217, -850.487
16, 0, -1.65652e+06, -623595, 436.3
16.5, 0, -1.65108e+06, -597626, 1322.55
17, 0, -1.64592e+06, -572310, 1808.28
17.5, 0, -1.64104e+06, -547647, 1893.47
18, 0, -1.63518e+06, -524411, 1266.94
18.5, 0, -1.62859e+06, -501781, 370.234
19, 0, -1.62201e+06, -479151, -526.477
19.5, 0, -1.61542e+06, -456522, -1423.19
20, 0, -1.60884e+06, -433892, -2319.9
20.5, 0, -1.6017e+06, -412101, -2536.91
21, 0, -1.59337e+06, -392280, -1284.71
21.5, 0, -1.58518e+06, -372474, -215.196
22, 0, -1.57712e+06, -352683, 671.646
22.5, 0, -1.5692e+06, -332906, 1375.81
23, 0, -1.56141e+06, -313145, 1897.31
23.5, 0, -1.55333e+06, -295649, 1362.86
24, 0, -1.54512e+06, -278762, 545.931
24.5, 0, -1.53687e+06, -261924, -320.886
25, 0, -1.52859e+06, -245133, -1237.59
25.5, 0, -1.52027e+06, -228392, -2204.17
26, 0, -1.51144e+06, -212632, -2531.81
26.5, 0, -1.50188e+06, -198506, -1746.52
27, 0, -1.49248e+06, -184334, -1089.77
27.5, 0, -1.48324e+06, -170117, -561.561
28, 0, -1.47415e+06, -155854, -161.891
28.5, 0, -1.46523e+06, -141545, 109.24
29, 0, -1.45553e+06, -129061, -173.189
29.5, 0, -1.44546e+06, -117317, -643.698
30, 0, -1.4354e+06, -105574, -1113.94
30.5, 0, -1.42533e+06, -93830.3, -1583.92
31, 0, -1.41527e+06, -82087.3, -2053.64
31.5, 0, -1.40514e+06, -70586.8, -2384.32
32, 0, -1.39467e+06, -60723.3, -1867.39
32.5, 0, -1.38437e+06, -50985.2, -1437.29
33, 0, -1.37422e+06, -41372.6, -1094
33.5, 0, -1.36424e+06, -31885.5, -837.543
34, 0, -1.35443e+06, -22523.9, -667.902
34.5, 0, -1.34458e+06, -13442.5, -612.085
35, 0, -1.33416e+06, -5071.05, -710.427
35.5, 0, -1.32366e+06, 2973.75, -875.462
36, 0, -1.31306e+06, 10691.9, -1107.19
36.5, 0, -1.30237e+06, 18083.3, -1405.61
37, 0, -1.29159e+06, 25148, -1770.72
37.5, 0, -1.28098e+06, 31582.3, -1914.67
38, 0, -1.27068e+06, 37543.7, -1718.06
38.5, 0, -1.26038e+06, 43502.3, -1522.74
39, 0, -1.25008e+06, 49458, -1328.71
39.5, 0, -1.23978e+06, 55410.8, -1135.98
40, 0, -1.22948e+06, 61360.7, -944.533
40.5, 0, -1.21915e+06, 67067.1, -835.005
41, 0, -1.20875e+06, 72252.4, -799.406
41.5, 0, -1.19829e+06, 77221.7, -691.763
42, 0, -1.18777e+06, 81975, -512.075
42.5, 0, -1.17718e+06, 86512.2, -260.343
43, 0, -1.16654e+06, 90833.4, 63.4332
43.5, 0, -1.15629e+06, 94716.7, 280.778
44, 0, -1.14663e+06, 98235.6, 275.633
44.5, 0, -1.13697e+06, 101754, 270.486
45, 0, -1.12731e+06, 105273, 265.335
45.5, 0, -1.11765e+06, 108792, 260.183
46, 0, -1.108e+06, 112311, 255.027
46.5, 0, -1.09821e+06, 115732, 213.64
47, 0, -1.08795e+06, 118699, 4.49627
47.5, 0, -1.07774e+06, 121567, -242.383
48, 0, -1.06758e+06, 124334, -526.996
48.5, 0, -1.05746e+06, 127000, -849.345
49, 0, -1.0474e+06, 129566, -1209.43
49.5, 0, -1.03777e+06, 131838, -1479.55
50, 0, -1.02985e+06, 133341, -1269.1
50.5, 0, -1.02219e+06, 134911, -1076.52
51, 0, -1.01479e+06, 136549, -901.808
51.5, 0, -1.00431e+06, 137966, -638.225
52, 0, -994250, 139416, -467.367
52.5, 0, -984623, 140900, -389.844
53, 0, -975430, 142419, -405.655
53.5, 0, -966671, 143972, -514.8
54, 0, -958346, 145559, -717.279
54.5, 0, -949744, 146677, -726.306
55, 0, -940984, 147549, -646.52
55.5, 0, -932336, 148390, -596.415
56, 0, -923799, 149198, -575.991
56.5, 0, -915373, 149976, -585.247
57, 0, -907059, 150721, -624.184
57.5, 0, -898599, 151490, -683.702
58, 0, -889295, 152392, -691.435
58.5, 0, -880516, 153116, -662.383
59, 0, -872261, 153660, -596.543
59.5, 0, -864530, 154026, -493.917
60, 0, -857324, 154213, -354.505
60.5, 0, -850642, 154222, -178.306
61, 0, -843511, 154300, -184.603
61.5, 0, -836004, 154466, -288.799
62, 0, -828497, 154633, -392.996
62.5, 0, -820990, 154800, -497.192
63, 0, -813483, 154967, -601.389
63.5, 0, -805976, 155133, -705.585
64, 0, -798469, 155300, -809.781
64.5, 0, -791299, 155263, -539.071
65, 0, -784231, 155210, -319.212
65.5, 0, -777261, 155144, -155.98
66, 0, -770389, 155064, -49.3768
66.5, 0, -763615, 154971, 0.598915
67, 0, -756939, 154864, -6.05326
67.5, 0, -750320, 154721, -94.0979
68, 0, -743468, 154441, -316.385
68.5, 0, -736534, 154157, -488.843
69, 0, -729517, 153869, -611.473
69.5, 0, -722418, 153577, -684.274
70, 0, -715459, 153310, -608.062
70.5, 0, -709160, 153078, -292.296
71, 0, -703075, 152786, -12.7701
71.5, 0, -697204, 152434, 230.517
72, 0, -691547, 152022, 437.566
72.5, 0, -686104, 151550, 608.376
73, 0, -680876, 151018, 742.947
73.5, 0, -675861, 150426, 841.279
74, 0, -671060, 149774, 903.372
74.5, 0, -666473, 149062, 929.227
75, 0, -660445, 148395, 618.714
75.5, 0, -654463, 147741, 270.937
76, 0, -648528, 147100, -113.951
76.5, 0, -642640, 146471, -535.951
77, 0, -637137, 145901, -967.733
77.5, 0, -631873, 145291, -1364.14
78, 0, -626556, 144706, -1559.67
78.5, 0, -620219, 144407, -1032.68
79, 0, -614068, 144054, -601.435
79.5, 0, -608103, 143647, -265.945
80, 0, -602325, 143186, -26.207
80.5, 0, -596734, 142672, 117.778
81, 0, -591329, 142104, 166.011
81.5, 0, -586110, 141482, 118.491
82, 0, -581078, 140807, -24.7814
82.5, 0, -576233, 140077, -263.806
83, 0, -571574, 139294, -598.584
83.5, 0, -566998, 138554, -953.35
84, 0, -562475, 137903, -1220.64
84.5, 0, -558159, 137207, -1476.63
85, 0, -554049, 136468, -1721.33
85.5, 0, -549810, 135779, -1681.4
86, 0, -545430, 135134, -1495.69
86.5, 0, -541050, 134489, -1309.57
87, 0, -536671, 133843, -1123.02
87.5, 0, -532291, 133198, -936.065
88, 0, -527912, 132553, -748.689
88.5, 0, -523532, 131907, -560.896
89, 0, -519153, 131262, -372.686
89.5, 0, -514774, 130617, -184.059
90, 0, -510396, 129971, 4.98447
90.5, 0, -506017, 129326, 194.445
91, 0, -502039, 128625, 158.571
91.5, 0, -498448, 127868, -53.4068
92, 0, -494956, 127094, -267.144
92.5, 0, -491562, 126304, -482.641
93, 0, -487788, 125604, -605.449
93.5, 0, -483879, 124939, -665.323
94, 0, -480050, 124263, -701.257
94.5, 0, -476302, 123575, -713.25
95, 0, -472634, 122876, -701.301
95.5, 0, -469046, 122165, -665.411
96, 0, -465539, 121442, -605.581
96.5, 0, -462112, 120708, -521.809
97, 0, -458765, 119962, -414.096
97.5, 0, -455499, 119205, -282.442
98, 0, -452313, 118436, -126.847
98.5, 0, -449208, 117684, -49.1878
99, 0, -446134, 117010, -268.585
99.5, 0, -443060, 116336, -501.651
100, 0, -439984, 115662, -748.386
100.5, 0, -436746, 115035, -950.491
101, 0, -433081, 114529, -971.295
101.5, 0, -429489, 114001, -965.994
102, 0, -425969, 113452, -934.587
102.5, 0, -422523, 112881, -877.073
103, 0, -419149, 112288, -793.454
103.5, 0, -415849, 111673, -683.729
104, 0, -412622, 111036, -547.898
104.5, 0, -409468, 110378, -385.961
105, 0, -406386, 109697, -197.919
105.5, 0, -403378, 108995, 16.2298
106, 0, -400443, 108272, 256.484
106.5, 0, -397683, 107571, 339.614
107, 0, -395058, 106917, 224.656
107.5, 0, -392432, 106262, 108.993
108, 0, -389807, 105608, -7.37505
108.5, 0, -387179, 104978, -80.3267
109, 0, -384549, 104394, -69.9065
109.5, 0, -381918, 103811, -59.4866
110, 0, -379287, 103227, -49.067
110.5, 0, -376656, 102644, -38.6478
111, 0, -374025, 102060, -28.2289
111.5, 0, -371394, 101477, -17.8104
112, 0, -368763, 100894, -7.39222
112.5, 0, -366132, 100310, 3.02561
113, 0, -363501, 99726.5, 13.4431
113.5, 0, -360870, 99143, 23.8602
114, 0, -358240, 98559.5, 34.277
114.5, 0, -355651, 97981.9, 14.0139
115, 0, -353230, 97435, -153.089
115.5, 0, -350806, 96901.3, -362.356
116, 0, -348362, 96376.5, -409.468
116.5, 0, -345963, 95843.2, -352.027
117, 0, -343628, 95299.4, -294.423
117.5, 0, -341359, 94745.1, -236.655
118, 0, -339154, 94180.4, -178.724
118.5, 0, -337013, 93605.2, -120.63
119, 0, -334937, 93019.5, -62.3724
119.5, 0, -332926, 92423.4, -3.95187
120, 0, -330980, 91816.7, 54.6319
120.5, 0, -329098, 91199.6, 113.379
121, 0, -327282, 90572.1, 172.289
121.5, 0, -325529, 89934, 231.362
122, 0, -323842, 89285.5, 290.599
122.5, 0, -322098, 88654.4, 258.439
123, 0, -320064, 88076.7, -23.7273
123.5, 0, -318033, 87477.3, -309.235
124, 0, -315580, 87100.2, -259.587
124.5, 0, -313186, 86709.9, -214.923
125, 0, -310850, 86306.5, -175.244
125.5, 0, -308573, 85890, -140.549
126, 0, -306354, 85460.5, -110.839
126.5, 0, -304194, 85017.8, -86.1127
127, 0, -302092, 84562.1, -66.3712
127.5, 0, -300048, 84093.2, -51.614
128, 0, -298063, 83611.3, -41.8413
128.5, 0, -296137, 83116.3, -37.053
129, 0, -294268, 82608.1, -37.2492
129.5, 0, -292459, 82086.9, -42.4297
130, 0, -290708, 81552.6, -52.5948
130.5, 0, -289015, 81005.2, -67.7442
131, 0, -287320, 80514.3, -187.325
131.5, 0, -285597, 80065.8, -355.043
132, 0, -283871, 79619.9, -505.814
132.5, 0, -282230, 79182.7, -493.14
133, 0, -280619, 78748, -428.791
133.5, 0, -279008, 78313.2, -364.339
134, 0, -277398, 77878.4, -299.783
134.5, 0, -275787, 77443.7, -235.125
135, 0, -274176, 77009, -170.364
135.5, 0, -272565, 76574.2, -105.5
136, 0, -270954, 76139.5, -40.5328
136.5, 0, -269343, 75704.8, 24.5371
137, 0, -267732, 75270.1, 89.71
137.5, 0, -266122, 74835.5, 154.986
138, 0, -264511, 74400.8, 220.364
138.5, 0, -262900, 73966.2, 285.846
139, 0, -261289, 73531.5, 351.431
139.5, 0, -259679, 73096.9, 417.118
140, 0, -257992, 72730.9, 304.617
140.5, 0, -256333, 72363.5, 183.158
141, 0, -254713, 71987.2, 71.49
141.5, 0, -253334, 71611.8, 30.7969
142, 0, -251969, 71234.6, -3.54093
142.5, 0, -250604, 70855.2, -35.0002
143, 0, -249241, 70473.8, -63.5807
143.5, 0, -247878, 70090.2, -89.2827
144, 0, -246516, 69704.4, -112.106
144.5, 0, -245155, 69316.6, -132.051
145, 0, -243795, 68926.6, -149.117
145.5, 0, -242436, 68534.5, -163.304
146, 0, -241078, 68140.2, -174.613
146.5, 0, -239721, 67743.8, -183.043
147, 0, -238364, 67345.3, -188.594
147.5, 0, -237009, 66944.7, -191.267
148, 0, -235654, 66542, -191.062
148.5, 0, -234301, 66137.1, -187.977
149, 0, -232957, 65772.8, -254.262
149.5, 0, -231660, 65427.7, -364.147
150, 0, -230413, 65072, -470.105
150.5, 0, -229286, 64752.5, -498.968
151, 0, -228205, 64460, -459.942
151.5, 0, -227100, 64158, -408.841
152, 0, -225972, 63846.4, -345.665
152.5, 0, -224820, 63525.2, -270.414
153, 0, -223654, 63124.1, -185.919
153.5, 0, -222484, 62677.2, -107.531
154, 0, -221304, 62237, -37.4662
154.5, 0, -220116, 61803.4, 24.2755
155, 0, -218919, 61376.6, 77.6942
155.5, 0, -217712, 60956.3, 122.79
156, 0, -216497, 60542.8, 159.563
156.5, 0, -215298, 60143.4, 174.756
157, 0, -214264, 59799.1, 100.122
157.5, 0, -213225, 59457.7, 31.9455
158, 0, -212182, 59119, -29.7751
158.5, 0, -211135, 58783, -85.0393
159, 0, -210084, 58449.8, -133.847
159.5, 0, -209028, 58119.3, -176.199
160, 0, -207968, 57791.6, -212.094
160.5, 0, -206904, 57466.6, -241.533
161, 0, -205836, 57144.4, -264.515
161.5, 0, -204763, 56824.9, -281.041
162, 0, -203687, 56508.2, -291.111
162.5, 0, -202606, 56194.2, -294.724
163, 0, -201520, 55883, -291.881
163.5, 0, -200431, 55574.5, -282.582
164, 0, -199358, 55292.4, -280.09
164.5, 0, -198301, 55010.4, -274.416
165, 0, -197259, 54726.4, -264.494
165.5, 0, -196232, 54440.2, -250.324
166, 0, -195220, 54151.9, -231.906
166.5, 0, -194224, 53861.6, -209.24
167, 0, -193242, 53569.1, -182.326
167.5, 0, -192275, 53274.5, -151.164
168, 0, -191324, 52977.8, -115.755
168.5, 0, -190408, 52694.6, -90.4758
169, 0, -189550, 52445.6, -98.881
169.5, 0, -188695, 52192.1, -107.668
170, 0, -187844, 51934.1, -116.838
170.5, 0, -186995, 51671.6, -126.389
171, 0, -186151, 51404.7, -136.323
171.5, 0, -185309, 51133.4, -146.639
172, 0, -184471, 50857.5, -157.337
172.5, 0, -183636, 50577.2, -168.418
173, 0, -182805, 50292.5, -179.88
173.5, 0, -181977, 50003.2, -191.725
174, 0, -181152, 49709.5, -203.952
174.5, 0, -180330, 49411.4, -216.561
175, 0, -179512, 49108.7, -229.552
175.5, 0, -178698, 48801.6, -242.926
176, 0, -177886, 48490.1, -256.681
176.5, 0, -177068, 48184.1, -261.819
177, 0, -176204, 47927.6, -221.393
177.5, 0, -175352, 47669.5, -183.219
178, 0, -174511, 47409.6, -147.297
178.5, 0, -173681, 47148.1, -113.627
179, 0, -172863, 46884.8, -82.2099
179.5, 0, -172055, 46619.9, -53.045
180, 0, -171411, 46370.5, -8.33926
180.5, 0, -170771, 46121.6, 36.9695
181, 0, -170131, 45872.8, 82.3983
181.5, 0, -169450, 45632.5, 110.375
182, 0, -168696, 45406.5, 106.549
182.5, 0, -167944, 45179.6, 102.22
183, 0, -167194, 44951.9, 97.3904
183.5, 0, -166446, 44723.3, 92.059
184, 0, -165701, 44493.8, 86.2261
184.5, 0, -164957, 44263.4, 79.8917
185, 0, -164216, 44032.2, 73.0557
185.5, 0, -163477, 43800.1, 65.7182
186, 0, -162740, 43567.1, 57.8792
186.5, 0, -162005, 43333.2, 49.5387
187, 0, -161272, 43098.5, 40.6967
187.5, 0, -160541, 42862.8, 31.3532
188, 0, -159813, 42626.3, 21.5081
188.5, 0, -159086, 42388.9, 11.1615
189, 0, -158362, 42150.7, 0.313402
189.5, 0, -157640, 41911.5, -11.0362
190, 0, -156920, 41671.5, -22.8874
190.5, 0, -156203, 41430.6, -35.24
191, 0, -155487, 41188.9, -48.0942
191.5, 0, -154773, 40946.2, -61.4499
192, 0, -154062, 40702.7, -75.3072
192.5, 0, -153446, 40479.6, -64.2145
193, 0, -152879, 40270.4, -41.8262
193.5, 0, -152307, 40063.7, -23.098
194, 0, -151731, 39859.5, -8.02994
194.5, 0, -151151, 39657.9, 3.37801
195, 0, -150566, 39458.7, 11.1258
195.5, 0, -149977, 39262, 15.2135
196, 0, -149383, 39067.8, 15.6411
196.5, 0, -148785, 38876.1, 12.4086
197, 0, -148182, 38686.9, 5.51588
197.5, 0, -147575, 38500.2, -5.03692
198, 0, -146964, 38316, -19.2498
198.5, 0, -146348, 38134.3, -37.1229
199, 0, -145723, 37950.9, -62.8709
199.5, 0, -145092, 37756.5, -101.316
200, 0, -144474, 37562.5, -138.85
200.5, 0, -143870, 37368.9, -175.473
201, 0, -143316, 37177.6, -168.454
201.5, 0, -142777, 36987.2, -146.888
202, 0, -142237, 36796.7, -125.273
202.5, 0, -141698, 36606.2, -103.607
203, 0, -141158, 36415.8, -81.8922
203.5, 0, -140619, 36225.3, -60.127
204, 0, -140079, 36034.9, -38.3119
204.5, 0, -139540, 35844.4, -16.4469
205, 0, -139000, 35654, 5.46804
205.5, 0, -138461, 35463.6, 27.4329
206, 0, -137922, 35273.2, 49.4477
206.5, 0, -137382, 35082.7, 71.5124
207, 0, -136842, 34892.3, 93.627
207.5, 0, -136303, 34702, 115.792
208, 0, -135763, 34511.6, 138.006
208.5, 0, -135224, 34321.2, 160.27
209, 0, -134684, 34130.8, 182.585
209.5, 0, -134145, 33940.5, 204.949
210, 0, -133612, 33753.8, 213.557
210.5, 0, -133101, 33577.4, 182.835
211, 0, -132595, 33400.4, 152.249
211.5, 0, -132095, 33222.8, 121.799
212, 0, -131603, 33042.9, 86.9866
212.5, 0, -131118, 32862.1, 52.3021
213, 0, -130637, 32681.8, 21.2081
213.5, 0, -130161, 32501.9, -6.29536
214, 0, -129689, 32322.5, -30.2083
214.5, 0, -129222, 32143.6, -50.5307
215, 0, -128758, 31965.1, -67.2626
215.5, 0, -128299, 31787.1, -80.4039
216, 0, -127844, 31609.6, -89.9547
216.5, 0, -127394, 31432.5, -95.915
217, 0, -126947, 31255.9, -98.2848
217.5, 0, -126505, 31079.7, -97.064
218, 0, -126067, 30904, -92.2527
218.5, 0, -125634, 30728.8, -83.8508
219, 0, -125205, 30554.1, -71.8584
219.5, 0, -124780, 30379.8, -56.2755
220, 0, -124359, 30205.9, -37.1021
220.5, 0, -123943, 30032.6, -14.3381
221, 0, -123531, 29859.7, 12.0164
221.5, 0, -123101, 29694, 13.8609
222, 0, -122659, 29532.2, 0.302688
222.5, 0, -122217, 29370.5, -13.386
223, 0, -121775, 29208.8, -27.2051
223.5, 0, -121302, 29080, -14.3034
224, 0, -120834, 28950.4, 0.0459105
224.5, 0, -120375, 28816.5, 13.1853
225, 0, -119925, 28678.3, 25.1148
225.5, 0, -119483, 28535.8, 35.8345
226, 0, -119050, 28389, 45.3442
226.5, 0, -118625, 28237.9, 53.644
227, 0, -118210, 28082.6, 60.7339
227.5, 0, -117803, 27923, 66.614
228, 0, -117404, 27759.1, 71.2841
228.5, 0, -117015, 27590.9, 74.7443
229, 0, -116634, 27418.4, 76.9947
229.5, 0, -116262, 27241.6, 78.0351
230, 0, -115898, 27060.6, 77.8656
230.5, 0, -115543, 26875.2, 76.4863
231, 0, -115160, 26731.1, 56.6309
231.5, 0, -114776, 26587.8, 37.0598
232, 0, -114391, 26444.8, 18.0789
232.5, 0, -114007, 26302, -0.31179
233, 0, -113623, 26159.4, -18.1123
233.5, 0, -113238, 26017.1, -35.3226
234, 0, -112854, 25874.9, -51.9427
234.5, 0, -112469, 25733, -67.9726
235, 0, -112085, 25596.7, -73.3234
235.5, 0, -111707, 25469.2, -60.9749
236, 0, -111331, 25340.6, -49.2582
236.5, 0, -110960, 25211, -38.1734
237, 0, -110592, 25080.3, -27.7206
237.5, 0, -110227, 24948.5, -17.8996
238, 0, -109866, 24815.7, -8.71048
238.5, 0, -109509, 24681.8, -0.153274
239, 0, -109155, 24546.8, 7.77204
239.5, 0, -108805, 24410.8, 15.0655
240, 0, -108459, 24273.6, 21.727
240.5, 0, -108116, 24135.4, 27.7567
241, 0, -107776, 23996.2, 33.1544
241.5, 0, -107440, 23855.9, 37.9203
242, 0, -107108, 23714.5, 42.0542
242.5, 0, -106779, 23573.2, 44.7521
243, 0, -106446, 23447.9, 35.9462
243.5, 0, -106114, 23322.8, 26.5291
244, 0, -105781, 23197.9, 16.5009
244.5, 0, -105449, 23073.2, 5.86153
245, 0, -105116, 22948.8, -5.38894
245.5, 0, -104783, 22824.6, -17.2505
246, 0, -104450, 22700.6, -29.7233
246.5, 0, -104117, 22576.8, -42.8071
247, 0, -103788, 22455, -50.5652
247.5, 0, -103476, 22340.9, -32.2779
248, 0, -103166, 22225.7, -15.4538
248.5, 0, -102858, 22109.3, -0.0930997
249, 0, -102552, 21991.8, 13.8043
249.5, 0, -102248, 21873.1, 26.2384
250, 0, -101947, 21753.3, 37.2092
250.5, 0, -101647, 21632.4, 46.7166
251, 0, -101350, 21510.3, 54.7608
251.5, 0, -101055, 21387.1, 61.3416
252, 0, -100761, 21262.7, 66.4591
252.5, 0, -100470, 21137.2, 70.1133
253, 0, -100181, 21010.5, 72.3041
253.5, 0, -99894.4, 20882.7, 73.0317
254, 0, -99609.5, 20753.8, 72.2959
254.5, 0, -99326.8, 20623.7, 70.0968
255, 0, -99042.4, 20500.8, 62.703
255.5, 0, -98753.7, 20388.8, 49.9633
256, 0, -98465, 20276.7, 37.2236
256.5, 0, -98176.3, 20164.6, 24.4839
257, 0, -97887.7, 20052.6, 11.7441
257.5, 0, -97599, 19940.5, -0.995597
258, 0, -97310.3, 19828.4, -13.7353
258.5, 0, -97021.6, 19716.4, -26.475
259, 0, -96732.9, 19604.3, -39.2148
259.5, 0, -96443.1, 19493.5, -44.8047
260, 0, -96152, 19386.6, -29.4147
260.5, 0, -95864.5, 19279.4, -15.1128
261, 0, -95580.7, 19172, -1.899
261.5, 0, -95300.3, 19064.3, 10.2267
262, 0, -95023.6, 18956.4, 21.2643
262.5, 0, -94750.5, 18848.3, 31.2138
263, 0, -94480.9, 18739.8, 40.0752
263.5, 0, -94214.9, 18631.2, 47.8485
264, 0, -93952.5, 18522.3, 54.5338
264.5, 0, -93693.7, 18413.1, 60.1309
265, 0, -93438.5, 18303.7, 64.6399
265.5, 0, -93186.8, 18194.1, 68.0608
266, 0, -92938.8, 18084.2, 70.3937
266.5, 0, -92694.3, 17974.1, 71.6384
267, 0, -92453.4, 17863.7, 71.7951
267.5, 0, -92216, 17753.1, 70.8636
268, 0, -91969.7, 17651.5, 58.2086
268.5, 0, -91719.9, 17552.8, 43.5296
269, 0, -91470.1, 17454.2, 30.2928
269.5, 0, -91220.1, 17355.7, 18.498
270, 0, -90970, 17257.4, 8.14544
270.5, 0, -90719.8, 17159.2, -0.765025
271, 0, -90469.5, 17061.1, -8.23336
271.5, 0, -90219.1, 16963.1, -14.2596
272, 0, -89968.5, 16865.3, -18.8437
272.5, 0, -89717.9, 16767.6, -21.9856
273, 0, -89467.2, 16670, -23.6854
273.5, 0, -89216.3, 16572.6, -23.9431
274, 0, -88968.9, 16476.9, -20.9875
274.5, 0, -88730.5, 16384, -14.4995
275, 0, -88495.7, 16291, -8.14824
275.5, 0, -88264.8, 16198, -1.93357
276, 0, -88037.5, 16104.8, 4.14447
276.5, 0, -87814, 16011.5, 10.0859
277, 0, -87594.3, 15918.1, 15.8907
277.5, 0, -87378.3, 15824.7, 21.5588
278, 0, -87166.1, 15731.1, 27.0903
278.5, 0, -86957.5, 15637.4, 32.4852
279, 0, -86752.8, 15543.7, 37.7435
279.5, 0, -86551.8, 15449.8, 42.8651
280, 0, -86354.5, 15355.8, 47.8501
280.5, 0, -86161, 15261.8, 52.6984
281, 0, -85947.5, 15171.7, 49.1486
281.5, 0, -85729.5, 15082.2, 44.02
282, 0, -85511.6, 14992.5, 39.0807
282.5, 0, -85293.8, 14902.5, 34.3307
283, 0, -85076, 14812.3, 29.77
283.5, 0, -84858.4, 14721.9, 25.3986
284, 0, -84640.9, 14631.2, 21.2164
284.5, 0, -84423.5, 14540.2, 17.2236
285, 0, -84206.1, 14449, 13.42
285.5, 0, -83988.9, 14357.5, 9.80571
286, 0, -83771.8, 14265.8, 6.38071
286.5, 0, -83554.8, 14173.9, 3.145
287, 0, -83340.2, 14082.4, -0.0496475
287.5, 0, -83152.6, 13999.5, -4.87801
288, 0, -82965, 13916.7, -9.70683
288.5, 0, -82777.5, 13833.8, -14.5361
289, 0, -82589.9, 13750.9, -19.3658
289.5, 0, -82402.3, 13668, -24.196
290, 0, -82214.8, 13585.1, -29.0267
290.5, 0, -82027.2, 13502.2, -33.8578
291, 0, -81839.7, 13419.3, -38.6894
291.5, 0, -81652.1, 13336.4, -43.5214
292, 0, -81464.5, 13253.5, -48.3539
292.5, 0, -81277, 13170.6, -53.1869
293, 0, -81089.4, 13087.7, -58.0203
293.5, 0, -80901.9, 13004.8, -62.8542
294, 0, -80712.5, 12921.9, -66.2687
294.5, 0, -80507.2, 12839, -56.6745
295, 0, -80304.2, 12756.3, -47.7366
295.5, 0, -80103.6, 12673.7, -39.4548
296, 0, -79905.3, 12591.2, -31.8292
296.5, 0, -79709.3, 12508.8, -24.8598
297, 0, -79515.7, 12426.6, -18.5465
297.5, 0, -79324.4, 12344.5, -12.8895
298, 0, -79135.4, 12262.5, -7.88864
298.5, 0, -78948.7, 12180.7, -3.54398
299, 0, -78764.4, 12098.9, 0.144501
299.5, 0, -78582.4, 12017.3, 3.17679
300, 0, -78402.7, 11935.9, 5.55289
300.5, 0, -78237.9, 11858.1, -0.368248
301, 0, -78078.2, 11782, -8.5292
301.5, 0, -77918.8, 11706.2, -15.972
302, 0, -77759.7, 11630.9, -22.6965
302.5, 0, -77600.8, 11555.8, -28.7028
303, 0, -77442.2, 11481.1, -33.991
303.5, 0, -77283.9, 11406.8, -38.5609
304, 0, -77125.8, 11332.9, -42.4126
304.5, 0, -76968, 11259.3, -45.5462
305, 0, -76810.5, 11186, -47.9615
305.5, 0, -76653.2, 11113.2, -49.6586
306, 0, -76496.3, 11040.7, -50.6375
306.5, 0, -76339.5, 10968.5, -50.8982
307, 0, -76183.1, 10896.7, -50.4407
307.5, 0, -76026.9, 10825.3, -49.265
308, 0, -75870.9, 10754.2, -47.3711
308.5, 0, -75715.3, 10683.5, -44.759
309, 0, -75553.7, 10613.6, -40.2084
309.5, 0, -75387.6, 10544.3, -34.4607
310, 0, -75222.3, 10475.2, -28.7071
310.5, 0, -75057.9, 10406.3, -22.9478
311, 0, -74894.2, 10337.6, -17.1825
311.5, 0, -74731.5, 10269.1, -11.4115
312, 0, -74569.5, 10200.9, -5.63459
312.5, 0, -74414.3, 10132.6, 0.555016
313, 0, -74269.4, 10064, 8.21055
313.5, 0, -74124.4, 9995.4, 16.9885
314, 0, -73979.4, 9926.96, 26.8888
314.5, 0, -73834.3, 9858.62, 37.9116
315, 0, -73689.2, 9790.38, 50.0568
315.5, 0, -73537.6, 9719.88, 44.6329
316, 0, -73386.5, 9649.6, 38.9518
316.5, 0, -73236, 9579.61, 33.6363
317, 0, -73086.3, 9509.93, 28.6864
317.5, 0, -72937.2, 9440.55, 24.102
318, 0, -72788.8, 9371.48, 19.8832
318.5, 0, -72641.1, 9302.7, 16.03
319, 0, -72494, 9234.23, 12.5424
319.5, 0, -72347.7, 9166.06, 9.42034
320, 0, -72202, 9098.19, 6.66386
320.5, 0, -72057, 9030.62, 4.27295
321, 0, -71912.7, 8963.35, 2.24762
321.5, 0, -71769.1, 8896.39, 0.587873
322, 0, -71626.2, 8829.72, -0.706302
322.5, 0, -71483.9, 8763.36, -1.6349
323, 0, -71342.3, 8697.3, -2.19792
323.5, 0, -71201.4, 8631.54, -2.39537
324, 0, -71061.2, 8566.09, -2.22724
324.5, 0, -70921.7, 8500.93, -1.69354
325, 0, -70782.9, 8436.08, -0.794256
325.5, 0, -70644.7, 8371.53, 0.470602
326, 0, -70507.2, 8307.28, 2.10104
326.5, 0, -70374.6, 8247.51, 7.38468
327, 0, -70243.2, 8187.69, 12.5973
327.5, 0, -70112.7, 8127.49, 17.4689
328, 0, -69983.2, 8066.88, 21.9995
328.5, 0, -69854.7, 8005.89, 26.189
329, 0, -69728.9, 7949.66, 24.0217
329.5, 0, -69604.4, 7894.72, 20.2265
330, 0, -69480.5, 7839.62, 16.6007
330.5, 0, -69357.3, 7784.37, 13.1443
331, 0, -69234.7, 7728.95, 9.85724
331.5, 0, -69112.8, 7673.36, 6.73963
332, 0, -68991.5, 7617.62, 3.79143
332.5, 0, -68870.9, 7561.71, 1.01263
333, 0, -68750.9, 7505.64, -1.59676
333.5, 0, -68631.5, 7449.41, -4.03675
334, 0, -68512.9, 7393.02, -6.30733
334.5, 0, -68394.8, 7336.47, -8.4085
335, 0, -68277.4, 7279.75, -10.3403
335.5, 0, -68160.7, 7222.88, -12.1026
336, 0, -68044.6, 7165.84, -13.6956
336.5, 0, -67929.2, 7108.64, -15.1191
337, 0, -67814.4, 7051.27, -16.3733
337.5, 0, -67700.3, 6993.75, -17.458
338, 0, -67586.8, 6936.06, -18.3734
338.5, 0, -67473.9, 6878.21, -19.1193
339, 0, -67361.7, 6820.2, -19.6958
339.5, 0, -67250.2, 6762.03, -20.1029
340, 0, -67139.3, 6703.69, -20.3406
340.5, 0, -67019.2, 6644.01, -17.9753
341, 0, -66885.9, 6582.54, -12.0865
341.5, 0, -66753.9, 6521.03, -6.27814
342, 0, -66630.2, 6461.63, -0.115704
342.5, 0, -66535.2, 6411.01, 7.58429
343, 0, -66440.2, 6360.69, 15.0038
343.5, 0, -66345.3, 6310.69, 22.1428
344, 0, -66250.5, 6260.99, 29.0013
344.5, 0, -66155.7, 6211.6, 35.5794
345, 0, -66056, 6162.54, 40.0869
345.5, 0, -65942.6, 6113.62, 39.3282
346, 0, -65829.6, 6064.63, 38.4762
346.5, 0, -65717.1, 6015.58, 37.5308
347, 0, -65605.1, 5966.46, 36.4922
347.5, 0, -65493.6, 5917.27, 35.3604
348, 0, -65382.6, 5868.02, 34.1352
348.5, 0, -65272.2, 5818.7, 32.8167
349, 0, -65162.2, 5769.31, 31.405
349.5, 0, -65052.7, 5719.86, 29.9
350, 0, -64943.8, 5670.34, 28.3017
350.5, 0, -64835.3, 5620.75, 26.6101
351, 0, -64727.3, 5571.1, 24.8252
351.5, 0, -64619.9, 5521.38, 22.947
352, 0, -64512.9, 5471.59, 20.9756
352.5, 0, -64406.5, 5421.73, 18.9108
353, 0, -64300.5, 5371.81, 16.7528
353.5, 0, -64195, 5321.82, 14.5015
354, 0, -64090.1, 5271.77, 12.1569
354.5, 0, -63985.6, 5221.65, 9.71905
355, 0, -63881.7, 5171.46, 7.1879
355.5, 0, -63778.3, 5121.2, 4.56346
356, 0, -63675.3, 5070.88, 1.84573
356.5, 0, -63572.9, 5020.49, -0.965282
357, 0, -63470.9, 4970.03, -3.86958
357.5, 0, -63371.3, 4919.87, -6.1403
358, 0, -63283.1, 4872.14, -4.08177
358.5, 0, -63195.4, 4824.89, -2.16846
359, 0, -63108.2, 4778.1, -0.400376
359.5, 0, -63021.4, 4731.78, 1.22248
360, 0, -62935.1, 4685.94, 2.70012
360.5, 0, -62849.3, 4640.56, 4.03253
361, 0, -62764, 4595.65, 5.21971
361.5, 0, -62679.1, 4551.22, 6.26167
362, 0, -62594.7, 4507.25, 7.1584
362.5, 0, -62510.7, 4463.75, 7.90991
363, 0, -62427.3, 4420.72, 8.5162
363.5, 0, -62344.3, 4378.17, 8.97726
364, 0, -62261.8, 4336.08, 9.29309
364.5, 0, -62179.7, 4294.46, 9.4637
365, 0, -62098.1, 4253.31, 9.48909
365.5, 0, -62017, 4212.63, 9.36925
366, 0, -61936.4, 4172.43, 9.10418
366.5, 0, -61856.2, 4132.69, 8.6939
367, 0, -61776.5, 4093.42, 8.13838
367.5, 0, -61697.3, 4054.62, 7.43764
368, 0, -61618.6, 4016.29, 6.59168
368.5, 0, -61540.3, 3978.43, 5.60049
369, 0, -61462.5, 3941.04, 4.46408
369.5, 0, -61385.2, 3904.12, 3.18244
370, 0, -61308.3, 3867.67, 1.75558
370.5, 0, -61231.9, 3831.69, 0.18349
371, 0, -61152.5, 3795.33, 0.962437
371.5, 0, -61061.8, 3756.62, 9.77926
372, 0, -60971.1, 3718.24, 18.5233
372.5, 0, -60880.4, 3680.18, 27.1944
373, 0, -60789.5, 3642.45, 35.7927
373.5, 0, -60704.3, 3604.77, 41.6221
374, 0, -60637, 3566.24, 38.8724
374.5, 0, -60570.5, 3527.57, 35.845
375, 0, -60487.3, 3486.88, 33.0079
375.5, 0, -60402.1, 3445.98, 30.3325
376, 0, -60317.9, 3405.21, 27.7683
376.5, 0, -60234.8, 3364.58, 25.3153
377, 0, -60152.6, 3324.07, 22.9735
377.5, 0, -60071.4, 3283.7, 20.7429
378, 0, -59991.2, 3243.45, 18.6236
378.5, 0, -59912, 3203.34, 16.6154
379, 0, -59833.8, 3163.35, 14.7184
379.5, 0, -59756.6, 3123.5, 12.9327
380, 0, -59680.4, 3083.77, 11.2581
380.5, 0, -59605.2, 3044.18, 9.69474
381, 0, -59530.9, 3004.71, 8.24258
381.5, 0, -59457.7, 2965.38, 6.90164
382, 0, -59385.4, 2926.18, 5.67189
382.5, 0, -59314.2, 2887.1, 4.55335
383, 0, -59243.9, 2848.16, 3.54601
383.5, 0, -59174.6, 2809.35, 2.64988
384, 0, -59106.3, 2770.66, 1.86495
384.5, 0, -59039, 2732.11, 1.19123
385, 0, -58972.7, 2693.69, 0.628711
385.5, 0, -58907.4, 2655.4, 0.177395
386, 0, -58843.1, 2617.24, -0.162716
386.5, 0, -58779.4, 2578.9, -0.364194
387, 0, -58715.3, 2539.75, -0.310157
387.5, 0, -58652.2, 2500.85, -0.0604964
388, 0, -58589.9, 2462.2, 0.384788
388.5, 0, -58528.6, 2423.8, 1.0257
389, 0, -58468.2, 2385.64, 1.86223
389.5, 0, -58408.7, 2347.74, 2.89439
390, 0, -58347.2, 2311.65, 1.97219
390.5, 0, -58280.7, 2278.79, -3.3175
391, 0, -58212.7, 2249.9, -3.42009
391.5, 0, -58144.6, 2221.92, -2.31502
392, 0, -58076.9, 2193.85, -1.33499
392.5, 0, -58009.7, 2165.69, -0.47999
393, 0, -57942.9, 2137.43, 0.249969
393.5, 0, -57876.5, 2109.08, 0.85489
394, 0, -57810.5, 2080.63, 1.33477
394.5, 0, -57744.9, 2052.08, 1.68962
395, 0, -57679.8, 2023.44, 1.91943
395.5, 0, -57615.1, 1994.7, 2.0242
396, 0, -57550.8, 1965.87, 2.00393
396.5, 0, -57487, 1936.95, 1.85863
397, 0, -57423.5, 1907.92, 1.58828
397.5, 0, -57360.5, 1878.81, 1.1929
398, 0, -57297.9, 1849.59, 0.672485
398.5, 0, -57235.7, 1820.28, 0.0270288
399, 0, -57174, 1790.88, -0.743465
399.5, 0, -57112.7, 1761.38, -1.639
400, 0, -57051.8, 1731.79, -2.65956
400.5, 0, -56991.3, 1702.1, -3.80517
401, 0, -56931.2, 1672.31, -5.07582
401.5, 0, -56871.6, 1642.43, -6.4715
402, 0, -56812.4, 1612.46, -7.99222
402.5, 0, -56753.6, 1582.38, -9.63797
403, 0, -56695.3, 1552.22, -11.4088
403.5, 0, -56637.3, 1521.95, -13.3046
404, 0, -56579.8, 1491.6, -15.3255
404.5, 0, -56522.7, 1461.14, -17.4714
405, 0, -56466, 1430.6, -19.7423
405.5, 0, -56409.8, 1399.95, -22.1383
406, 0, -56354, 1369.21, -24.6593
406.5, 0, -56298.6, 1338.38, -27.3054
407, 0, -56245.1, 1308.74, -30.4207
407.5, 0, -56194.5, 1281, -34.0382
408, 0, -56144.6, 1254.07, -32.0035
408.5, 0, -56095.1, 1227.35, -29.9857
409, 0, -56046, 1200.85, -27.9848
409.5, 0, -55997.2, 1174.56, -26.001
410, 0, -55948.8, 1148.48, -24.0341
410.5, 0, -55900.8, 1122.61, -22.0842
411, 0, -55853.2, 1096.97, -20.1512
411.5, 0, -55806, 1071.53, -18.2352
412, 0, -55759.1, 1046.31, -16.3362
412.5, 0, -55712.6, 1021.3, -14.4541
413, 0, -55666.5, 996.502, -12.589
413.5, 0, -55620.8, 971.921, -10.7409
414, 0, -55575.4, 947.553, -8.90975
414.5, 0, -55530.4, 923.398, -7.09556
415, 0, -55485.8, 899.457, -5.29833
415.5, 0, -55441.6, 875.73, -3.51808
416, 0, -55397.8, 852.216, -1.75479
416.5, 0, -55354.3, 828.916, -0.00846885
417, 0, -55311.2, 805.83, 1.72089
417.5, 0, -55268.5, 782.957, 3.43327
418, 0, -55226.2, 760.298, 5.12869
418.5, 0, -55184.2, 737.852, 6.80715
419, 0, -55142.6, 715.62, 8.46863
419.5, 0, -55101.4, 693.601, 10.1132
420, 0, -55060.6, 671.796, 11.7407
420.5, 0, -55020.2, 650.205, 13.3513
421, 0, -54980.1, 628.828, 14.9449
421.5, 0, -54940.5, 607.663, 16.5216
422, 0, -54901.2, 586.713, 18.0812
422.5, 0, -54862.2, 565.976, 19.624
423, 0, -54823.7, 545.453, 21.1497
423.5, 0, -54785.5, 525.143, 22.6585
424, 0, -54747.7, 505.047, 24.1503
424.5, 0, -54710.1, 483.93, 24.1979
425, 0, -54671.2, 460.906, 21.4789
425.5, 0, -54627.1, 436.86, 15.4432
426, 0, -54583.3, 413.045, 9.71037
426.5, 0, -54539.9, 389.462, 4.28033
427, 0, -54496.9, 366.109, -0.846914
427.5, 0, -54454.3, 342.987, -5.67136
428, 0, -54412.1, 320.097, -10.193
428.5, 0, -54370.2, 297.438, -14.4118
429, 0, -54328.8, 275.01, -18.3279
429.5, 0, -54287.7, 252.813, -21.9411
430, 0, -54247, 230.847, -25.2515
430.5, 0, -54206.7, 209.112, -28.2592
431, 0, -54166.8, 187.609, -30.964
431.5, 0, -54127.2, 166.336, -33.366
432, 0, -54088.1, 145.295, -35.4653
432.5, 0, -54049.3, 124.485, -37.2617
433, 0, -54010.9, 103.906, -38.7553
433.5, 0, -53972.9, 83.5576, -39.9461
434, 0, -53935.3, 63.4408, -40.8342
434.5, 0, -53898.1, 43.5552, -41.4194
435, 0, -53861.3, 23.9007, -41.7018
435.5, 0, -53824.8, 4.47731, -41.6814
436, 0, -53788.7, -14.7149, -41.3583
436.5, 0, -53753, -33.676, -40.7323
437, 0, -53717.7, -52.406, -39.8035
437.5, 0, -53682.8, -70.9049, -38.5719
438, 0, -53648.3, -89.1726, -37.0375
438.5, 0, -53614.1, -107.209, -35.2003
439, 0, -53580.4, -125.015, -33.0603
439.5, 0, -53547, -142.589, -30.6175
440, 0, -53514, -159.932, -27.872
440.5, 0, -53481.4, -177.044, -24.8236
441, 0, -53449.2, -193.925, -21.4724
441.5, 0, -53417.3, -210.575, -17.8184
442, 0, -53385.9, -226.993, -13.8616
442.5, 0, -53351.9, -243.016, -13.7924
443, 0, -53318.8, -257.791, -13.9915
443.5, 0, -53289, -272.314, -10.6274
444, 0, -53259.7, -286.791, -7.3914
444.5, 0, -53231, -301.222, -4.28358
445, 0, -53202.7, -315.608, -1.30392
445.5, 0, -53175, -329.947, 1.54757
446, 0, -53147.9, -344.241, 4.2709
446.5, 0, -53121.2, -358.489, 6.86607
447, 0, -53095.1, -372.69, 9.33307
447.5, 0, -53069.5, -386.846, 11.6719
448, 0, -53044.4, -400.956, 13.8826
448.5, 0, -53019.8, -415.02, 15.9651
449, 0, -52995.8, -429.038, 17.9194
449.5, 0, -52972.2, -443.01, 19.7456
450, 0, -52949.3, -456.936, 21.4437
450.5, 0, -52926.8, -470.817, 23.0135
451, 0, -52904.8, -484.651, 24.4552
451.5, 0, -52883.4, -498.44, 25.7687
452, 0, -52862.5, -512.182, 26.9541
452.5, 0, -52842.1, -525.879, 28.0113
453, 0, -52822.3, -539.53, 28.9404
453.5, 0, -52802.9, -553.134, 29.7412
454, 0, -52784.1, -566.693, 30.4139
454.5, 0, -52765.9, -580.206, 30.9585
455, 0, -52748.1, -593.673, 31.3749
455.5, 0, -52730.9, -607.094, 31.6631
456, 0, -52714.1, -620.47, 31.8232
456.5, 0, -52697.9, -633.799, 31.8551
457, 0, -52682.3, -647.082, 31.7588
457.5, 0, -52667.1, -660.32, 31.5344
458, 0, -52652.5, -673.511, 31.1818
458.5, 0, -52638.4, -686.657, 30.701
459, 0, -52624.8, -699.757, 30.0921
459.5, 0, -52611.8, -712.81, 29.355
460, 0, -52599.2, -725.818, 28.4898
460.5, 0, -52587.2, -738.78, 27.4964
461, 0, -52575.8, -751.696, 26.3748
461.5, 0, -52552.9, -761.883, 23.9173
462, 0, -52520.6, -769.008, 24.071
462.5, 0, -52489.3, -776.164, 24.217
463, 0, -52458.9, -783.352, 24.3553
463.5, 0, -52429.4, -790.571, 24.4859
464, 0, -52400.9, -797.822, 24.6088
464.5, 0, -52373.4, -805.104, 24.7239
465, 0, -52346.8, -812.418, 24.8313
465.5, 0, -52321.2, -819.763, 24.9309
466, 0, -52296.5, -827.14, 25.0229
466.5, 0, -52272.7, -834.548, 25.1071
467, 0, -52250, -841.988, 25.1836
467.5, 0, -52228.1, -849.459, 25.2524
468, 0, -52207.2, -856.962, 25.3134
468.5, 0, -52187.3, -864.496, 25.3667
469, 0, -52168.3, -872.062, 25.4123
469.5, 0, -52150.3, -879.659, 25.4502
470, 0, -52133.3, -887.288, 25.4803
470.5, 0, -52117.1, -894.948, 25.5027
471, 0, -52102, -902.64, 25.5174
471.5, 0, -52087.8, -910.363, 25.5244
472, 0, -52074.5, -918.118, 25.5236
472.5, 0, -52062.2, -925.904, 25.5151
473, 0, -52050.8, -933.722, 25.4989
473.5, 0, -52040.4, -941.571, 25.4749
474, 0, -52031, -949.452, 25.4433
474.5, 0, -52022.5, -957.364, 25.4039
475, 0, -52014.9, -965.308, 25.3567
475.5, 0, -52008.3, -973.283, 25.3019
476, 0, -52002.7, -981.29, 25.2393
476.5, 0, -51998, -989.328, 25.169
477, 0, -51994.2, -997.398, 25.091
477.5, 0, -51991.4, -1005.5, 25.0052
478, 0, -51989.6, -1013.63, 24.9118
478.5, 0, -51988.7, -1021.8, 24.8106
479, 0, -51988.8, -1029.99, 24.7016
479.5, 0, -51989.8, -1038.22, 24.585
480, 0, -51991.7, -1046.48, 24.4606
480.5, 0, -51986.7, -1052.2, 24.3716
481, 0, -51969.5, -1053.95, 24.3918
481.5, 0, -51952.7, -1055.8, 24.4746
482, 0, -51936.4, -1057.76, 24.62
482.5, 0, -51920.5, -1059.82, 24.8279
483, 0, -51905, -1061.99, 25.0984
483.5, 0, -51889.9, -1064.26, 25.4314
484, 0, -51875.2, -1066.65, 25.8269
484.5, 0, -51861, -1069.13, 26.285
485, 0, -51847.1, -1071.72, 26.8057
485.5, 0, -51833.7, -1074.42, 27.3889
486, 0, -51820.7, -1077.23, 28.0346
486.5, 0, -51808.1, -1080.14, 28.7429
487, 0, -51795.9, -1083.16, 29.5138
487.5, 0, -51784.2, -1086.28, 30.3472
488, 0, -51772.8, -1089.51, 31.2431
488.5, 0, -51761.9, -1092.84, 32.2016
489, 0, -51751.4, -1096.28, 33.2226
489.5, 0, -51741.3, -1099.83, 34.3062
490, 0, -51731.6, -1103.48, 35.4524
490.5, 0, -51722.4, -1107.24, 36.6611
491, 0, -51713.6, -1111.1, 37.9323
491.5, 0, -51705.1, -1115.07, 39.2661
492, 0, -51697.1, -1119.15, 40.6624
492.5, 0, -51689.5, -1123.33, 42.1213
493, 0, -51682.4, -1127.62, 43.6427
493.5, 0, -51675.6, -1132.01, 45.2267
494, 0, -51669.3, -1136.51, 46.8732
494.5, 0, -51663.4, -1141.11, 48.5823
495, 0, -51657.8, -1145.83, 50.354
495.5, 0, -51652.8, -1150.64, 52.1881
496, 0, -51648.1, -1155.57, 54.0849
496.5, 0, -51643.8, -1160.6, 56.0441
497, 0, -51640, -1165.73, 58.066
497.5, 0, -51636.6, -1170.97, 60.1503
498, 0, -51633.6, -1176.32, 62.2973
498.5, 0, -51631, -1181.77, 64.5067
499, 0, -51628.8, -1187.33, 66.7787
499.5, 0, -51627.1, -1193, 69.1133
