x,y,u1,u2,sxx,syy,sxy
0,-50,7.96696e-26,2.21005e-25,165393,419133,-3.39372e-10
0,-49.9,1.09169e-25,1.20919e-06,165426,419343,-242.679
0,-49.8,1.36754e-25,2.41894e-06,165461,419549,-464.427
0,-49.7,1.62426e-25,3.62925e-06,165498,419752,-665.244
0,-49.6,1.86184e-25,4.84012e-06,165537,419952,-845.129
0,-49.5,2.08028e-25,6.05154e-06,165578,420148,-1004.08
0,-49.4,2.27959e-25,7.26353e-06,165621,420340,-1142.11
0,-49.3,2.45976e-25,8.47608e-06,165665,420529,-1259.2
0,-49.2,2.62079e-25,9.68919e-06,165712,420715,-1355.36
0,-49.1,2.76268e-25,1.09029e-05,165760,420897,-1430.59
0,-49,2.88544e-25,1.21171e-05,165811,421075,-1484.88
0,-48.9,2.98906e-25,1.33319e-05,165863,421250,-1518.25
0,-48.8,3.07354e-25,1.45472e-05,165917,421421,-1530.68
0,-48.7,3.13889e-25,1.57631e-05,165973,421589,-1522.19
0,-48.6,3.1851e-25,1.69796e-05,166032,421754,-1492.76
0,-48.5,3.21217e-25,1.81966e-05,166092,421915,-1442.4
0,-48.4,3.22011e-25,1.94142e-05,166154,422072,-1371.11
0,-48.3,3.20891e-25,2.06323e-05,166218,422226,-1278.89
0,-48.2,3.17857e-25,2.18511e-05,166284,422376,-1165.73
0,-48.1,3.12909e-25,2.30703e-05,166351,422523,-1031.65
0,-48,3.06048e-25,2.42901e-05,166421,422666,-876.632
0,-47.9,2.97273e-25,2.55105e-05,166493,422806,-700.685
0,-47.8,2.86584e-25,2.67315e-05,166567,422942,-503.806
0,-47.7,2.73982e-25,2.7953e-05,166642,423075,-285.996
0,-47.6,2.59466e-25,2.9175e-05,166720,423205,-47.2546
0,-47.5,2.43036e-25,3.03977e-05,166799,423330,212.418
0,-47.4,2.24692e-25,3.16208e-05,166881,423453,493.022
0,-47.3,2.04435e-25,3.28446e-05,166964,423571,794.558
0,-47.2,1.82264e-25,3.40689e-05,167049,423687,1117.02
0,-47.1,1.62862e-25,3.52935e-05,167175,423836,1413.06
0,-47,1.84716e-25,3.65166e-05,167661,424326,1283.35
0,-46.9,2.04921e-25,3.77409e-05,168147,424815,1153.63
0,-46.8,6.46041e-22,3.89664e-05,168633,425305,1023.91
0,-46.7,6.49824e-22,4.01931e-05,169119,425795,894.195
0,-46.6,6.53605e-22,4.14209e-05,169604,426285,764.478
0,-46.5,2.69256e-25,4.26499e-05,170090,426775,634.762
0,-46.4,2.81218e-25,4.38801e-05,170576,427265,505.045
0,-46.3,2.91532e-25,4.51115e-05,171062,427755,375.328
0,-46.2,6.68714e-22,4.6344e-05,171548,428245,245.612
0,-46.1,6.72487e-22,4.75778e-05,172033,428735,115.895
0,-46,3.1258e-25,4.88127e-05,172519,429224,-13.8215
0,-45.9,3.16299e-25,5.00488e-05,173005,429714,-143.538
0,-45.8,6.83797e-22,5.12861e-05,173491,430204,-273.255
0,-45.7,3.18791e-25,5.25245e-05,173977,430694,-402.972
0,-45.6,3.45823e-22,5.37641e-05,174463,431184,-532.688
0,-45.5,3.47703e-22,5.50049e-05,174948,431674,-662.405
0,-45.4,3.10164e-25,5.62469e-05,175434,432164,-792.122
0,-45.3,3.51458e-22,5.74901e-05,175920,432654,-921.838
0,-45.2,2.9617e-25,5.87344e-05,176406,433144,-1051.55
0,-45.1,3.55207e-22,5.998e-05,176892,433633,-1181.27
0,-45,1.78677e-22,6.12267e-05,177377,434123,-1310.99
0,-44.9,2.62813e-25,6.24746e-05,177863,434613,-1440.7
0,-44.8,5.41103e-22,6.37236e-05,178349,435103,-1570.42
0,-44.7,-1.80994e-22,6.49739e-05,178835,435593,-1700.14
0,-44.6,4.55634e-22,6.62253e-05,179321,436083,-1829.85
0,-44.5,2.29082e-22,6.74779e-05,179806,436573,-1959.57
0,-44.4,1.74246e-25,6.87316e-05,180292,437063,-2089.29
0,-44.3,1.844e-25,6.99839e-05,181017,437708,-2013.72
0,-44.2,2.08334e-25,7.12368e-05,181851,438432,-1851.18
0,-44.1,2.30416e-25,7.24919e-05,182682,439163,-1701.29
0,-44,2.50644e-25,7.3749e-05,183509,439900,-1564.05
0,-43.9,2.6902e-25,7.50082e-05,184332,440642,-1439.48
0,-43.8,2.85543e-25,7.62695e-05,185152,441392,-1327.56
0,-43.7,3.00213e-25,7.75328e-05,185967,442147,-1228.29
0,-43.6,3.1303e-25,7.87983e-05,186779,442908,-1141.69
0,-43.5,3.23994e-25,8.00659e-05,187587,443676,-1067.74
0,-43.4,3.33106e-25,8.13356e-05,188391,444449,-1006.44
0,-43.3,3.40365e-25,8.26073e-05,189191,445229,-957.803
0,-43.2,3.4577e-25,8.38812e-05,189988,446015,-921.822
0,-43.1,3.49323e-25,8.51571e-05,190780,446808,-898.497
0,-43,3.51024e-25,8.64351e-05,191569,447606,-887.828
0,-42.9,3.50871e-25,8.77153e-05,192354,448411,-889.816
0,-42.8,3.48866e-25,8.89975e-05,193135,449221,-904.46
0,-42.7,3.45007e-25,9.02818e-05,193913,450038,-931.761
0,-42.6,3.39296e-25,9.15682e-05,194686,450861,-971.718
0,-42.5,3.31732e-25,9.28567e-05,195456,451691,-1024.33
0,-42.4,3.22316e-25,9.41473e-05,196222,452526,-1089.6
0,-42.3,3.11046e-25,9.544e-05,196984,453368,-1167.53
0,-42.2,2.97924e-25,9.67347e-05,197743,454216,-1258.11
0,-42.1,2.82948e-25,9.80316e-05,198497,455069,-1361.35
0,-42,2.6612e-25,9.93305e-05,199248,455930,-1477.25
0,-41.9,2.47439e-25,0.000100632,199995,456796,-1605.8
0,-41.8,2.26906e-25,0.000101935,200738,457668,-1747.01
0,-41.7,2.04519e-25,0.00010324,201477,458547,-1900.87
0,-41.6,6.25559e-22,0.000104547,202336,459496,-1988.19
0,-41.5,2.22816e-25,0.000105855,203551,460633,-1853.26
0,-41.4,2.49157e-25,0.000107166,204765,461772,-1720.75
0,-41.3,-6.4406e-22,0.000108479,205980,462912,-1590.67
0,-41.2,2.95499e-25,0.000109796,207195,464054,-1463.01
0,-41.1,3.155e-25,0.000111115,208410,465197,-1337.78
0,-41,6.63636e-22,0.000112437,209625,466342,-1214.97
0,-40.9,-6.69276e-22,0.000113762,210840,467488,-1094.59
0,-40.8,3.62827e-25,0.00011509,212056,468636,-976.628
0,-40.7,3.74376e-25,0.000116421,213271,469785,-861.097
0,-40.6,3.83813e-25,0.000117754,214486,470935,-747.99
0,-40.5,3.91136e-25,0.000119091,215702,472087,-637.309
0,-40.4,3.96346e-25,0.00012043,216917,473240,-529.054
0,-40.3,3.99443e-25,0.000121772,218133,474395,-423.223
0,-40.2,4.00428e-25,0.000123117,219348,475551,-319.818
0,-40.1,-3.59706e-22,0.000124465,220564,476709,-218.839
0,-40,3.63663e-22,0.000125815,221780,477868,-120.284
0,-39.9,3.90702e-25,0.000127169,222996,479029,-24.1554
0,-39.8,-3.69206e-22,0.000128525,224212,480191,69.5483
0,-39.7,3.73653e-25,0.000129884,225428,481354,160.827
0,-39.6,3.76275e-22,0.000131246,226644,482519,249.679
0,-39.5,3.48152e-25,0.000132611,227860,483686,336.107
0,-39.4,-1.90786e-22,0.000133979,229076,484853,420.109
0,-39.3,-3.85083e-22,0.000135349,230293,486023,501.686
0,-39.2,2.94052e-25,0.000136723,231509,487193,580.838
0,-39.1,-1.95588e-22,0.000138099,232725,488366,657.564
0,-39,-4.91128e-23,0.000139478,233942,489539,731.865
0,-38.9,-2.73434e-22,0.00014086,235159,490714,803.74
0,-38.8,2.45208e-25,0.000142244,236754,492353,473.77
0,-38.7,2.77333e-25,0.000143632,238410,494081,100.595
0,-38.6,3.06989e-25,0.000145025,240053,495810,-234.736
0,-38.5,3.34175e-25,0.000146422,241682,497539,-532.222
0,-38.4,3.5889e-25,0.000147823,243297,499268,-791.864
0,-38.3,3.81136e-25,0.000149228,244898,500998,-1013.66
0,-38.2,4.00912e-25,0.000150638,246485,502727,-1197.61
0,-38.1,4.18218e-25,0.000152052,248059,504457,-1343.72
0,-38,-8.72178e-22,0.00015347,249618,506187,-1451.98
0,-37.9,4.45421e-25,0.000154893,251164,507918,-1522.4
0,-37.8,4.55317e-25,0.00015632,252696,509648,-1554.98
0,-37.7,4.62744e-25,0.000157751,254214,511379,-1549.71
0,-37.6,4.677e-25,0.000159186,255718,513110,-1506.59
0,-37.5,4.70187e-25,0.000160625,257208,514841,-1425.63
0,-37.4,4.70204e-25,0.000162069,258685,516572,-1306.83
0,-37.3,-4.64387e-22,0.000163517,260147,518304,-1150.18
0,-37.2,4.69396e-22,0.00016497,261596,520035,-955.69
0,-37.1,4.73468e-22,0.000166426,263031,521767,-723.353
0,-37,4.45572e-25,0.000167887,264452,523499,-453.172
0,-36.9,-4.80736e-22,0.000169353,265860,525232,-145.146
0,-36.8,-4.84829e-22,0.000170822,267253,526964,200.725
0,-36.7,2.45064e-22,0.000172296,268633,528697,584.44
0,-36.6,3.81422e-25,0.000173774,269998,530430,1006
0,-36.5,3.59209e-25,0.000175256,271350,532163,1465.4
0,-36.4,5.01896e-22,0.000176743,272688,533897,1962.65
0,-36.3,3.79537e-22,0.000178234,274013,535631,2497.75
0,-36.2,2.77753e-25,0.000179729,275323,537364,3070.68
0,-36.1,1.70039e-21,0.000181229,277033,539440,3170.96
0,-36,1.72133e-21,0.000182736,279323,541975,2591.67
0,-35.9,1.74227e-21,0.000184249,281622,544483,2046.45
0,-35.8,1.7632e-21,0.000185768,283930,546964,1535.31
0,-35.7,4.18676e-25,0.000187292,286246,549419,1058.23
0,-35.6,4.46752e-25,0.000188822,288571,551846,615.215
0,-35.5,4.71873e-25,0.000190358,290905,554247,206.273
0,-35.4,4.9404e-25,0.0001919,293248,556620,-168.599
0,-35.3,5.13252e-25,0.000193447,295599,558967,-509.403
0,-35.2,5.29509e-25,0.000195,297960,561287,-816.136
0,-35.1,5.42812e-25,0.000196559,300328,563580,-1088.8
0,-35,1.93057e-21,0.000198123,302706,565846,-1327.4
0,-34.9,-1.95035e-21,0.000199693,305092,568086,-1531.92
0,-34.8,5.64994e-25,0.000201269,307487,570298,-1702.38
0,-34.7,-9.95791e-22,0.000202851,309891,572484,-1838.77
0,-34.6,-1.00624e-21,0.000204438,312304,574642,-1941.09
0,-34.5,1.01782e-21,0.000206031,314725,576774,-2009.34
0,-34.4,1.02826e-21,0.00020763,317155,578879,-2043.52
0,-34.3,5.42871e-25,0.000209235,319594,580957,-2043.63
0,-34.2,-1.04808e-21,0.000210845,322041,583008,-2009.67
0,-34.1,1.05957e-21,0.000212461,324497,585032,-1941.64
0,-34,5.35248e-22,0.000214083,326962,587030,-1839.54
0,-33.9,5.40451e-22,0.00021571,329436,589000,-1703.38
0,-33.8,-5.44757e-22,0.000217343,331918,590944,-1533.14
0,-33.7,1.10128e-21,0.000218982,334409,592861,-1328.84
0,-33.6,-8.33093e-22,0.000220627,336909,594751,-1090.47
0,-33.5,-1.39866e-22,0.000222277,339417,596614,-818.023
0,-33.4,-4.14863e-22,0.000223933,341935,598450,-511.511
0,-33.3,3.68458e-25,0.000225579,345033,601817,-666.829
0,-33.2,4.16635e-25,0.000227233,348133,605189,-823.934
0,-33.1,4.61102e-25,0.000228895,351233,608562,-981.038
0,-33,5.01858e-25,0.000230566,354334,611934,-1138.14
0,-32.9,5.38903e-25,0.000232245,357434,615307,-1295.25
0,-32.8,5.72237e-25,0.000233932,360534,618680,-1452.35
0,-32.7,6.0186e-25,0.000235627,363635,622052,-1609.45
0,-32.6,6.27773e-25,0.000237331,366735,625425,-1766.56
0,-32.5,6.49974e-25,0.000239043,369835,628798,-1923.66
0,-32.4,6.68465e-25,0.000240764,372935,632170,-2080.77
0,-32.3,6.83245e-25,0.000242493,376036,635543,-2237.87
0,-32.2,6.94314e-25,0.00024423,379136,638916,-2394.98
0,-32.1,7.01672e-25,0.000245975,382236,642288,-2552.08
0,-32,7.05319e-25,0.000247729,385337,645661,-2709.18
0,-31.9,7.05256e-25,0.000249491,388437,649034,-2866.29
0,-31.8,7.01481e-25,0.000251261,391537,652406,-3023.39
0,-31.7,6.93996e-25,0.00025304,394638,655779,-3180.5
0,-31.6,6.828e-25,0.000254827,397738,659152,-3337.6
0,-31.5,6.67893e-25,0.000256622,400838,662524,-3494.7
0,-31.4,6.49275e-25,0.000258425,403938,665897,-3651.81
0,-31.3,6.26947e-25,0.000260237,407039,669270,-3808.91
0,-31.2,6.00907e-25,0.000262058,410139,672642,-3966.02
0,-31.1,5.71157e-25,0.000263886,413239,676015,-4123.12
0,-31,5.37696e-25,0.000265723,416340,679388,-4280.23
0,-30.9,5.00524e-25,0.000267568,419440,682760,-4437.33
0,-30.8,4.59641e-25,0.000269421,422540,686133,-4594.43
0,-30.7,4.15047e-25,0.000271283,425640,689506,-4751.54
0,-30.6,4.33648e-25,0.000273149,429366,692951,-4713
0,-30.5,4.9703e-25,0.000275023,433576,696550,-4528.88
0,-30.4,-1.78978e-21,0.000276908,437816,700277,-4342.84
0,-30.3,1.81279e-21,0.000278804,442088,704132,-4154.89
0,-30.2,1.83469e-21,0.000280711,446391,708114,-3965.01
0,-30.1,1.85658e-21,0.000282628,450725,712223,-3773.23
0,-30,7.43502e-25,0.000284556,455090,716460,-3579.52
0,-29.9,7.78709e-25,0.000286496,459485,720825,-3383.9
0,-29.8,8.09221e-25,0.000288446,463912,725317,-3186.36
0,-29.7,8.35036e-25,0.000290407,468370,729937,-2986.9
0,-29.6,-1.96427e-21,0.000292379,472859,734684,-2785.53
0,-29.5,8.7258e-25,0.000294362,477379,739558,-2582.24
0,-29.4,8.84309e-25,0.000296356,481929,744561,-2377.03
0,-29.3,8.91341e-25,0.00029836,486511,749690,-2169.9
0,-29.2,8.93678e-25,0.000300376,491124,754948,-1960.86
0,-29.1,1.03808e-21,0.000302402,495768,760332,-1749.9
0,-29,8.84264e-25,0.000304439,500442,765844,-1537.02
0,-28.9,-1.05817e-21,0.000306488,505148,771484,-1322.23
0,-28.8,8.56068e-25,0.000308547,509885,777252,-1105.52
0,-28.7,8.34926e-25,0.000310617,514652,783146,-886.89
0,-28.6,-5.45097e-22,0.000312698,519451,789169,-666.345
0,-28.5,5.52147e-22,0.000314789,524281,795318,-443.883
0,-28.4,-1.11292e-21,0.000316892,529141,801596,-219.503
0,-28.3,5.62997e-22,0.000319006,534033,808001,6.79328
0,-28.2,-2.83219e-22,0.00032113,538956,814533,235.007
0,-28.1,-8.59218e-22,0.000323265,543909,821193,465.138
0,-28,6.51571e-22,0.000325412,548894,827980,697.185
0,-27.9,5.19973e-25,0.000327568,553950,834244,781.24
0,-27.8,6.05126e-25,0.000329733,559280,837194,83.1949
0,-27.7,6.84202e-25,0.000331914,564682,840438,-561.217
0,-27.6,7.57201e-25,0.000334111,570157,843979,-1152
0,-27.5,8.24121e-25,0.000336324,575704,847814,-1689.14
0,-27.4,8.84964e-25,0.000338552,581324,851945,-2172.66
0,-27.3,9.39729e-25,0.000340797,587017,856371,-2602.54
0,-27.2,9.88416e-25,0.000343057,592782,861092,-2978.79
0,-27.1,1.03103e-24,0.000345333,598620,866108,-3301.41
0,-27,1.06756e-24,0.000347625,604530,871420,-3570.4
0,-26.9,1.09801e-24,0.000349933,610513,877026,-3785.75
0,-26.8,1.12239e-24,0.000352256,616568,882929,-3947.47
0,-26.7,-2.07421e-21,0.000354596,622696,889126,-4055.56
0,-26.6,1.15291e-24,0.000356951,628897,895618,-4110.01
0,-26.5,1.15905e-24,0.000359322,635170,902406,-4110.84
0,-26.4,1.15912e-24,0.000361709,641515,909489,-4058.03
0,-26.3,1.1531e-24,0.000364112,647933,916867,-3951.59
0,-26.2,-1.09557e-21,0.000366531,654424,924540,-3791.51
0,-26.1,1.12285e-24,0.000368965,660987,932509,-3577.81
0,-26,-1.11922e-21,0.000371416,667623,940773,-3310.47
0,-25.9,1.1332e-21,0.000373882,674331,949332,-2989.5
0,-25.8,1.03188e-24,0.000376364,681112,958186,-2614.89
0,-25.7,1.15673e-21,0.000378862,687966,967335,-2186.66
0,-25.6,5.84714e-22,0.000381376,694892,976780,-1704.79
0,-25.5,1.18024e-21,0.000383905,701890,986520,-1169.29
0,-25.4,8.94195e-22,0.000386451,708961,996555,-580.154
0,-25.3,1.51129e-22,0.000389012,716105,1.00689e+06,62.6114
0,-25.2,1.13953e-21,0.000391589,723321,1.01751e+06,759.009
0,-25.1,7.51298e-25,0.000394175,731136,1.02307e+06,258.924
0,-25,8.60954e-25,0.000396782,739248,1.02718e+06,-621.171
0,-24.9,9.62518e-25,0.000399412,747472,1.03182e+06,-1428.4
0,-24.8,1.05599e-24,0.000402065,755808,1.03697e+06,-2162.75
0,-24.7,1.14137e-24,0.000404741,764257,1.04264e+06,-2824.24
0,-24.6,1.21866e-24,0.000407441,772819,1.04882e+06,-3412.85
0,-24.5,1.28786e-24,0.000410164,781492,1.05553e+06,-3928.6
0,-24.4,1.34897e-24,0.000412911,790279,1.06275e+06,-4371.47
0,-24.3,1.40199e-24,0.00041568,799178,1.0705e+06,-4741.48
0,-24.2,1.44692e-24,0.000418474,808189,1.07876e+06,-5038.61
0,-24.1,1.48375e-24,0.00042129,817313,1.08754e+06,-5262.88
0,-24,1.5125e-24,0.00042413,826549,1.09683e+06,-5414.28
0,-23.9,1.53315e-24,0.000426993,835897,1.10665e+06,-5492.8
0,-23.8,1.54571e-24,0.000429879,845359,1.11698e+06,-5498.46
0,-23.7,1.55018e-24,0.000432789,854932,1.12784e+06,-5431.24
0,-23.6,1.54656e-24,0.000435722,864618,1.13921e+06,-5291.16
0,-23.5,1.53485e-24,0.000438678,874417,1.15109e+06,-5078.2
0,-23.4,1.51505e-24,0.000441657,884328,1.1635e+06,-4792.38
0,-23.3,1.48716e-24,0.00044466,894351,1.17643e+06,-4433.68
0,-23.2,1.45117e-24,0.000447687,904487,1.18987e+06,-4002.12
0,-23.1,1.4071e-24,0.000450736,914735,1.20383e+06,-3497.69
0,-23,1.35493e-24,0.000453809,925096,1.21831e+06,-2920.38
0,-22.9,1.29467e-24,0.000456905,935569,1.23331e+06,-2270.21
0,-22.8,1.22633e-24,0.000460025,946155,1.24883e+06,-1547.16
0,-22.7,1.14989e-24,0.000463167,956853,1.26486e+06,-751.248
0,-22.6,1.06536e-24,0.000466334,967664,1.28141e+06,117.536
0,-22.5,9.72734e-25,0.000469523,978587,1.29848e+06,1059.19
0,-22.4,9.5657e-25,0.000472734,990324,1.31322e+06,866.531
0,-22.3,1.11434e-24,0.000475972,1.00365e+06,1.32213e+06,-1753.35
0,-22.2,1.26095e-24,0.000479248,1.01703e+06,1.33131e+06,-4106.37
0,-22.1,1.39641e-24,0.000482561,1.03044e+06,1.34077e+06,-6192.53
0,-22,1.52071e-24,0.000485912,1.0439e+06,1.35051e+06,-8011.82
0,-21.9,1.63386e-24,0.000489299,1.0574e+06,1.36054e+06,-9564.24
0,-21.8,1.73586e-24,0.000492725,1.07095e+06,1.37084e+06,-10849.8
0,-21.7,1.82671e-24,0.000496188,1.08453e+06,1.38143e+06,-11868.5
0,-21.6,1.9064e-24,0.000499688,1.09816e+06,1.39229e+06,-12620.3
0,-21.5,1.97494e-24,0.000503225,1.11183e+06,1.40344e+06,-13105.3
0,-21.4,2.03233e-24,0.0005068,1.12555e+06,1.41486e+06,-13323.4
0,-21.3,2.07856e-24,0.000510412,1.13931e+06,1.42657e+06,-13274.6
0,-21.2,2.11364e-24,0.000514062,1.15311e+06,1.43856e+06,-12959
0,-21.1,2.13757e-24,0.000517749,1.16695e+06,1.45082e+06,-12376.5
0,-21,2.15034e-24,0.000521473,1.18083e+06,1.46337e+06,-11527.1
0,-20.9,2.15196e-24,0.000525235,1.19476e+06,1.4762e+06,-10410.8
0,-20.8,2.14243e-24,0.000529034,1.20873e+06,1.48931e+06,-9027.75
0,-20.7,2.12174e-24,0.00053287,1.22275e+06,1.5027e+06,-7377.78
0,-20.6,2.0899e-24,0.000536744,1.2368e+06,1.51637e+06,-5460.95
0,-20.5,2.04691e-24,0.000540656,1.2509e+06,1.53032e+06,-3277.25
0,-20.4,1.99276e-24,0.000544604,1.26505e+06,1.54455e+06,-826.687
0,-20.3,1.92746e-24,0.00054859,1.27923e+06,1.55906e+06,1890.74
0,-20.2,1.85101e-24,0.000552614,1.29346e+06,1.57385e+06,4875.04
0,-20.1,1.7634e-24,0.000556674,1.30773e+06,1.58892e+06,8126.2
0,-20,1.66464e-24,0.000560773,1.32204e+06,1.60427e+06,11644.2
0,-19.9,1.55473e-24,0.000564908,1.3364e+06,1.61991e+06,15429.1
0,-19.8,1.43366e-24,0.000569081,1.35079e+06,1.63582e+06,19480.9
0,-19.7,1.30144e-24,0.000573291,1.36524e+06,1.65201e+06,23799.5
0,-19.6,1.50277e-24,0.000577519,1.39139e+06,1.67879e+06,17133.9
0,-19.5,1.72871e-24,0.000581808,1.41878e+06,1.70663e+06,9796.47
0,-19.4,1.93831e-24,0.000586162,1.44601e+06,1.73431e+06,3136.82
0,-19.3,6.88951e-21,0.000590581,1.47309e+06,1.76182e+06,-2845.01
0,-19.2,2.30848e-24,0.000595065,1.5e+06,1.78915e+06,-8149.01
0,-19.1,-7.14955e-21,0.000599614,1.52676e+06,1.81632e+06,-12775.2
0,-19,2.61326e-24,0.000604228,1.55336e+06,1.84332e+06,-16723.5
0,-18.9,-7.41391e-21,0.000608906,1.5798e+06,1.87014e+06,-19994.1
0,-18.8,2.85267e-24,0.00061365,1.60608e+06,1.8968e+06,-22586.8
0,-18.7,-7.67834e-21,0.000618458,1.6322e+06,1.92329e+06,-24501.6
0,-18.6,3.02669e-24,0.000623332,1.65817e+06,1.94961e+06,-25738.7
0,-18.5,3.08919e-24,0.00062827,1.68398e+06,1.97576e+06,-26297.9
0,-18.4,3.13534e-24,0.000633273,1.70963e+06,2.00174e+06,-26179.3
0,-18.3,3.16514e-24,0.000638341,1.73512e+06,2.02755e+06,-25382.9
0,-18.2,3.17861e-24,0.000643474,1.76046e+06,2.05319e+06,-23908.6
0,-18.1,3.17572e-24,0.000648672,1.78563e+06,2.07866e+06,-21756.5
0,-18,3.15649e-24,0.000653935,1.81065e+06,2.10397e+06,-18926.6
0,-17.9,3.12092e-24,0.000659263,1.83551e+06,2.1291e+06,-15418.9
0,-17.8,3.069e-24,0.000664656,1.86021e+06,2.15406e+06,-11233.3
0,-17.7,-4.49923e-21,0.000670114,1.88476e+06,2.17885e+06,-6369.94
0,-17.6,2.28711e-21,0.000675636,1.90915e+06,2.20348e+06,-828.731
0,-17.5,-2.31446e-21,0.000681224,1.93337e+06,2.22793e+06,5390.3
0,-17.4,-4.69801e-21,0.000686876,1.95744e+06,2.25222e+06,12287.2
0,-17.3,4.76943e-21,0.000692593,1.98136e+06,2.27633e+06,19861.9
0,-17.2,2.41893e-21,0.000698376,2.00511e+06,2.30028e+06,28114.4
0,-17.1,3.06424e-21,0.000704223,2.02871e+06,2.32405e+06,37044.7
0,-17,-2.79094e-21,0.000710135,2.05215e+06,2.34766e+06,46652.9
0,-16.9,2.4186e-24,0.000716083,2.09044e+06,2.38717e+06,46939.8
0,-16.8,3.38255e-24,0.00072212,2.14535e+06,2.44446e+06,36311.4
0,-16.7,4.34918e-24,0.000728295,2.20026e+06,2.50176e+06,25682.9
0,-16.6,5.31849e-24,0.00073461,2.25517e+06,2.55905e+06,15054.5
0,-16.5,6.2905e-24,0.000741065,2.31008e+06,2.61635e+06,4426.02
0,-16.4,7.26518e-24,0.000747659,2.36499e+06,2.67364e+06,-6202.43
0,-16.3,8.24255e-24,0.000754392,2.4199e+06,2.73094e+06,-16830.9
0,-16.2,9.22261e-24,0.000761265,2.47481e+06,2.78823e+06,-27459.3
0,-16.1,1.02054e-23,0.000768277,2.52973e+06,2.84553e+06,-38087.8
0,-16,1.11908e-23,0.000775429,2.58464e+06,2.90282e+06,-48716.2
0,-15.9,1.21789e-23,0.00078272,2.63955e+06,2.96012e+06,-59344.7
0,-15.8,1.31697e-23,0.00079015,2.69446e+06,3.01741e+06,-69973.2
0,-15.7,1.41632e-23,0.00079772,2.74937e+06,3.0747e+06,-80601.6
0,-15.6,1.51593e-23,0.000805429,2.80428e+06,3.132e+06,-91230.1
0,-15.5,1.61582e-23,0.000813278,2.85919e+06,3.18929e+06,-101859
0,-15.4,1.71597e-23,0.000821266,2.9141e+06,3.24659e+06,-112487
0,-15.3,1.8164e-23,0.000829394,2.96901e+06,3.30388e+06,-123115
0,-15.2,1.91709e-23,0.000837661,3.02392e+06,3.36118e+06,-133744
0,-15.1,2.01805e-23,0.000846067,3.07883e+06,3.41847e+06,-144372
0,-15,2.11928e-23,0.000854613,3.13374e+06,3.47577e+06,-155001
0,-14.9,2.22077e-23,0.000863298,3.18865e+06,3.53306e+06,-165629
0,-14.8,2.32254e-23,0.000872123,3.24356e+06,3.59036e+06,-176258
0,-14.7,2.42457e-23,0.000881087,3.29847e+06,3.64765e+06,-186886
0,-14.6,2.52687e-23,0.00089019,3.35338e+06,3.70494e+06,-197515
0,-14.5,2.62944e-23,0.000899433,3.40829e+06,3.76224e+06,-208143
0,-14.4,2.73228e-23,0.000908815,3.4632e+06,3.81953e+06,-218772
0,-14.3,2.83539e-23,0.000918337,3.51811e+06,3.87683e+06,-229400
0,-14.2,1.21853e-10,0.000927986,3.5844e+06,3.9462e+06,-245583
0,-14.1,2.50782e-09,0.0009377,3.84115e+06,4.21738e+06,-350499
0,-14,5.11388e-09,0.00094782,4.07895e+06,4.46765e+06,-437961
0,-13.9,7.94e-09,0.000958347,4.2978e+06,4.69699e+06,-507968
0,-13.8,1.09862e-08,0.000969281,4.49768e+06,4.90542e+06,-560521
0,-13.7,1.42525e-08,0.000980621,4.67861e+06,5.09293e+06,-595620
0,-13.6,1.77389e-08,0.000992367,4.84058e+06,5.25951e+06,-613265
0,-13.5,2.14453e-08,0.00100452,4.9836e+06,5.40518e+06,-613456
0,-13.4,2.53718e-08,0.00101708,5.10765e+06,5.52993e+06,-596192
0,-13.3,2.95184e-08,0.00103004,5.21275e+06,5.63376e+06,-561474
0,-13.2,3.38851e-08,0.00104342,5.29889e+06,5.71667e+06,-509302
0,-13.1,3.84718e-08,0.00105719,5.36608e+06,5.77865e+06,-439675
0,-13,4.32787e-08,0.00107138,5.4143e+06,5.81972e+06,-352595
0,-12.9,4.83056e-08,0.00108597,5.44357e+06,5.83987e+06,-248060
0,-12.8,5.35526e-08,0.00110097,5.45389e+06,5.8391e+06,-126071
0,-12.7,5.90196e-08,0.00111637,5.44524e+06,5.81741e+06,13372.7
0,-12.6,6.47068e-08,0.00113218,5.41764e+06,5.7748e+06,170270
0,-12.5,7.0614e-08,0.0011484,5.37108e+06,5.71127e+06,344622
0,-12.4,7.67413e-08,0.00116502,5.30556e+06,5.62682e+06,536428
0,-12.3,8.30887e-08,0.00118205,5.22108e+06,5.52145e+06,745688
0,-12.2,8.96561e-08,0.00119949,5.11765e+06,5.39516e+06,972403
0,-12.1,9.64437e-08,0.00121733,4.99526e+06,5.24795e+06,1.21657e+06
0,-12,1.03451e-07,0.00123558,4.85391e+06,5.07983e+06,1.47819e+06
0,-11.9,1.10679e-07,0.00125424,4.69361e+06,4.89078e+06,1.75727e+06
0,-11.8,8.12569e-08,0.00126992,4.60277e+06,4.90676e+06,-281048
0,-11.7,9.62726e-08,0.00128515,4.81887e+06,5.33388e+06,-3.77717e+06
0,-11.6,1.08991e-07,0.00130387,5.35297e+06,6.03934e+06,-6.45243e+06
0,-11.5,1.19411e-07,0.00132607,6.20507e+06,7.02313e+06,-8.30681e+06
0,-11.4,1.27534e-07,0.00135176,7.37519e+06,8.28525e+06,-9.34032e+06
0,-11.3,1.33359e-07,0.00138094,8.8633e+06,9.82571e+06,-9.55296e+06
0,-11.2,1.36886e-07,0.0014136,1.06694e+07,1.16445e+07,-8.94472e+06
0,-11.1,1.38116e-07,0.00144976,1.27936e+07,1.37416e+07,-7.51562e+06
0,-11,1.37048e-07,0.0014894,1.52357e+07,1.61171e+07,-5.26564e+06
0,-10.9,1.33683e-07,0.00153252,1.79958e+07,1.87709e+07,-2.19479e+06
0,-10.8,1.2802e-07,0.00157914,2.1074e+07,2.1703e+07,1.69693e+06
0,-10.7,1.20059e-07,0.00162924,2.44701e+07,2.49135e+07,6.40953e+06
0,-10.6,1.09801e-07,0.00168283,2.81843e+07,2.84023e+07,1.1943e+07
0,-10.5,9.72446e-08,0.00173991,3.22165e+07,3.21694e+07,1.82973e+07
0,-10.4,8.2391e-08,0.00180047,3.65666e+07,3.62149e+07,2.54725e+07
0,-10.3,6.52397e-08,0.00186453,4.12348e+07,4.05387e+07,3.34686e+07
0,-10.2,4.57908e-08,0.00193207,4.6221e+07,4.51408e+07,4.22856e+07
0,-10.1,2.40442e-08,0.00200309,5.15252e+07,5.00213e+07,5.19234e+07
0,-10,2.36331e-23,0.00207761,5.71474e+07,5.51801e+07,6.23821e+07
0,-9.9,0.000624304,0.00216287,2.5496e+07,3.3523e+07,3.54752e+07
0,-9.8,0.0010601,0.00221184,-1.81346e+06,9.5521e+06,9.72567e+06
0,-9.7,0.00137823,0.00223192,-8.52322e+06,3.58798e+06,3.96774e+06
0,-9.6,0.00163214,0.00222146,-1.02099e+07,-5.54911e+06,-854734
0,-9.5,0.00185067,0.00220332,-1.09655e+07,-7.11371e+06,-1.35854e+06
0,-9.4,0.00204696,0.00218146,-1.10328e+07,-7.90549e+06,-1.36418e+06
0,-9.3,0.00222146,0.00215598,-1.04384e+07,-7.94897e+06,-891566
0,-9.2,0.00237987,0.00213462,-1.05497e+07,-8.46909e+06,-953387
0,-9.1,0.00252876,0.0021122,-1.05457e+07,-8.78428e+06,-917355
0,-9,0.00266812,0.00208871,-1.04263e+07,-8.89456e+06,-783470
0,-8.9,0.00279797,0.00206416,-1.01916e+07,-8.79991e+06,-551732
0,-8.8,0.0029201,0.00204125,-1.01699e+07,-8.92261e+06,-508963
0,-8.7,0.00303672,0.00201864,-1.01951e+07,-9.08359e+06,-507206
0,-8.6,0.00314816,0.00199562,-1.0191e+07,-9.18922e+06,-479448
0,-8.5,0.0032544,0.00197219,-1.01575e+07,-9.2395e+06,-425689
0,-8.4,0.00335546,0.00194836,-1.00948e+07,-9.23443e+06,-345929
0,-8.3,0.00345217,0.00192513,-1.00692e+07,-9.24862e+06,-309601
0,-8.2,0.00354556,0.00190243,-1.00784e+07,-9.29916e+06,-310278
0,-8.1,0.00363577,0.00187951,-1.00804e+07,-9.34439e+06,-303225
0,-8,0.0037228,0.00185638,-1.00753e+07,-9.3843e+06,-288440
0,-7.9,0.00380665,0.00183304,-1.00632e+07,-9.4189e+06,-265926
0,-7.8,0.00388733,0.00180949,-1.00439e+07,-9.44819e+06,-235680
0,-7.7,0.00396522,0.00178617,-1.00337e+07,-9.46527e+06,-217391
0,-7.6,0.00404087,0.0017633,-1.00383e+07,-9.47475e+06,-217338
0,-7.5,0.00411436,0.00174031,-1.00404e+07,-9.48669e+06,-214092
0,-7.4,0.00418571,0.00171721,-1.00399e+07,-9.50108e+06,-207652
0,-7.3,0.00425491,0.00169399,-1.00368e+07,-9.51793e+06,-198018
0,-7.2,0.00432195,0.00167065,-1.00312e+07,-9.53723e+06,-185191
0,-7.1,0.00438685,0.00164719,-1.0023e+07,-9.55898e+06,-169170
0,-7,0.00444986,0.00162392,-1.00193e+07,-9.57074e+06,-159903
0,-6.9,0.00451125,0.00160093,-1.00216e+07,-9.57217e+06,-159004
0,-6.8,0.00457108,0.00157788,-1.00226e+07,-9.57626e+06,-156537
0,-6.7,0.00462935,0.00155476,-1.00226e+07,-9.58301e+06,-152503
0,-6.6,0.00468605,0.00153157,-1.00215e+07,-9.59242e+06,-146902
0,-6.5,0.00474118,0.00150832,-1.00193e+07,-9.6045e+06,-139734
0,-6.4,0.00479475,0.001485,-1.00159e+07,-9.61924e+06,-130998
0,-6.3,0.00484676,0.00146161,-1.00115e+07,-9.63663e+06,-120695
0,-6.2,0.00489748,0.00143845,-1.00111e+07,-9.63865e+06,-117683
0,-6.1,0.00494695,0.00141538,-1.0012e+07,-9.63674e+06,-116812
0,-6,0.00499522,0.00139228,-1.00123e+07,-9.63717e+06,-115071
0,-5.9,0.00504227,0.00136913,-1.00122e+07,-9.63993e+06,-112460
0,-5.8,0.00508811,0.00134595,-1.00117e+07,-9.64503e+06,-108980
0,-5.7,0.00513275,0.00132272,-1.00106e+07,-9.65247e+06,-104630
0,-5.6,0.00517618,0.00129946,-1.0009e+07,-9.66225e+06,-99410.5
0,-5.5,0.00521839,0.00127616,-1.0007e+07,-9.67437e+06,-93321.2
0,-5.4,0.0052595,0.00125287,-1.00051e+07,-9.6825e+06,-88284.8
0,-5.3,0.0052996,0.00122978,-1.00049e+07,-9.67842e+06,-87336.6
0,-5.2,0.00533871,0.00120666,-1.0005e+07,-9.6768e+06,-86295.9
0,-5.1,0.00537684,0.00118351,-1.00056e+07,-9.67762e+06,-85162.8
0,-5,0.00541399,0.00116034,-1.00064e+07,-9.68089e+06,-83937.3
0,-4.9,0.00545015,0.00113714,-1.00077e+07,-9.68661e+06,-82619.3
0,-4.8,0.00548532,0.00111392,-1.00094e+07,-9.69477e+06,-81208.8
0,-4.7,0.00551952,0.00109067,-1.00114e+07,-9.70539e+06,-79706
0,-4.6,0.00555273,0.00106739,-1.00138e+07,-9.71845e+06,-78110.6
0,-4.5,0.00558502,0.00104412,-1.00147e+07,-9.72701e+06,-75854.5
0,-4.4,0.00561646,0.00102099,-1.00111e+07,-9.7189e+06,-72241
0,-4.3,0.00564707,0.000997854,-1.00083e+07,-9.71315e+06,-68983.6
0,-4.2,0.00567684,0.000974697,-1.00063e+07,-9.70978e+06,-66082.2
0,-4.1,0.00570577,0.000951522,-1.0005e+07,-9.70878e+06,-63536.8
0,-4,0.00573387,0.00092833,-1.00046e+07,-9.71015e+06,-61347.4
0,-3.9,0.00576112,0.00090512,-1.00049e+07,-9.71389e+06,-59514
0,-3.8,0.00578755,0.000881892,-1.00059e+07,-9.72e+06,-58036.7
0,-3.7,0.00581313,0.000858647,-1.00078e+07,-9.72848e+06,-56915.4
0,-3.6,0.00583788,0.000835384,-1.00104e+07,-9.73933e+06,-56150.1
0,-3.5,0.00586189,0.00081218,-1.00096e+07,-9.73866e+06,-54230.5
0,-3.4,0.00588515,0.000789027,-1.00076e+07,-9.73424e+06,-51853.9
0,-3.3,0.00590768,0.000765864,-1.0006e+07,-9.73097e+06,-49524.1
0,-3.2,0.00592946,0.000742689,-1.00045e+07,-9.72883e+06,-47241.2
0,-3.1,0.0059505,0.000719503,-1.00034e+07,-9.72783e+06,-45005.3
0,-3,0.0059708,0.000696306,-1.00025e+07,-9.72797e+06,-42816.2
0,-2.9,0.00599036,0.000673098,-1.00018e+07,-9.72925e+06,-40674.1
0,-2.8,0.00600917,0.000649879,-1.00015e+07,-9.73166e+06,-38578.8
0,-2.7,0.00602725,0.000626649,-1.00014e+07,-9.73521e+06,-36530.5
0,-2.6,0.00604459,0.000603408,-1.00015e+07,-9.7399e+06,-34529.1
0,-2.5,0.00606127,0.000580204,-1.00016e+07,-9.73972e+06,-33377.5
0,-2.4,0.00607726,0.000557036,-1.00017e+07,-9.73874e+06,-32405.9
0,-2.3,0.00609257,0.000533861,-1.00019e+07,-9.73833e+06,-31415.8
0,-2.2,0.0061072,0.000510679,-1.00022e+07,-9.73851e+06,-30407.4
0,-2.1,0.00612115,0.000487491,-1.00026e+07,-9.73926e+06,-29380.6
0,-2,0.00613443,0.000464296,-1.00031e+07,-9.74059e+06,-28335.4
0,-1.9,0.00614703,0.000441095,-1.00036e+07,-9.7425e+06,-27271.7
0,-1.8,0.00615895,0.000417887,-1.00042e+07,-9.74499e+06,-26189.7
0,-1.7,0.00617019,0.000394672,-1.0005e+07,-9.74805e+06,-25089.2
0,-1.6,0.00618075,0.000371451,-1.00058e+07,-9.75169e+06,-23970.3
0,-1.5,0.00619067,0.000348226,-1.00053e+07,-9.75246e+06,-22426.7
0,-1.4,0.00619995,0.000325039,-1.00042e+07,-9.75116e+06,-20685
0,-1.3,0.00620858,0.00030185,-1.00032e+07,-9.75003e+06,-19036.6
0,-1.2,0.00621657,0.000278658,-1.00025e+07,-9.74906e+06,-17481.5
0,-1.1,0.0062239,0.000255462,-1.00019e+07,-9.74825e+06,-16019.6
0,-1,0.00623059,0.000232264,-1.00015e+07,-9.74761e+06,-14651
0,-0.9,0.00623664,0.000209062,-1.00013e+07,-9.74714e+06,-13375.6
0,-0.8,0.00624203,0.000185857,-1.00013e+07,-9.74683e+06,-12193.5
0,-0.7,0.00624678,0.000162649,-1.00015e+07,-9.74668e+06,-11104.7
0,-0.6,0.00625088,0.000139438,-1.00019e+07,-9.7467e+06,-10109.1
0,-0.5,0.00625435,0.000116206,-1.00022e+07,-9.74716e+06,-9164.76
0,-0.4,0.00625721,9.30215e-05,-1.00018e+07,-9.74827e+06,-8075.85
0,-0.3,0.00625943,6.9836e-05,-1.00016e+07,-9.74878e+06,-6928.12
0,-0.2,0.00626102,4.66498e-05,-1.00014e+07,-9.74868e+06,-5721.55
0,-0.1,0.00626198,2.34628e-05,-1.00014e+07,-9.74797e+06,-4456.15
0,0,0.00626231,2.75029e-07,-1.00015e+07,-9.74666e+06,-3131.91
0,0.1,0.00626201,-2.29135e-05,-1.00017e+07,-9.74474e+06,-1748.84
0,0.2,0.00626107,-4.61027e-05,-1.0002e+07,-9.74221e+06,-306.939
0,0.3,0.0062595,-6.92927e-05,-1.00025e+07,-9.73907e+06,1193.8
0,0.4,0.0062573,-9.24834e-05,-1.0003e+07,-9.73533e+06,2753.37
0,0.5,0.00625447,-0.000115675,-1.00037e+07,-9.73098e+06,4371.78
0,0.6,0.00625101,-0.00013891,-1.00034e+07,-9.73399e+06,6669.13
0,0.7,0.00624692,-0.000162122,-1.00029e+07,-9.73848e+06,8942.15
0,0.8,0.00624218,-0.000185332,-1.00025e+07,-9.74221e+06,10988.6
0,0.9,0.00623679,-0.000208538,-1.00021e+07,-9.74518e+06,12808.6
0,1,0.00623076,-0.00023174,-1.00018e+07,-9.74738e+06,14402.1
0,1.1,0.00622408,-0.00025494,-1.00015e+07,-9.74882e+06,15769
0,1.2,0.00621675,-0.000278135,-1.00013e+07,-9.7495e+06,16909.4
0,1.3,0.00620878,-0.000301328,-1.00011e+07,-9.74941e+06,17823.2
0,1.4,0.00620016,-0.000324517,-1.0001e+07,-9.74856e+06,18510.6
0,1.5,0.00619089,-0.000347703,-1.00009e+07,-9.74695e+06,18971.4
0,1.6,0.00618099,-0.000370927,-1.00012e+07,-9.7454e+06,20022.4
0,1.7,0.00617044,-0.000394147,-1.00019e+07,-9.74468e+06,22121.7
0,1.8,0.00615922,-0.000417361,-1.00024e+07,-9.74368e+06,24074.4
0,1.9,0.00614731,-0.000440569,-1.00027e+07,-9.7424e+06,25880.5
0,2,0.00613473,-0.00046377,-1.00028e+07,-9.74084e+06,27540
0,2.1,0.00612147,-0.000486964,-1.00027e+07,-9.73899e+06,29052.9
0,2.2,0.00610753,-0.000510152,-1.00024e+07,-9.73687e+06,30419.2
0,2.3,0.00609292,-0.000533334,-1.00019e+07,-9.73446e+06,31639
0,2.4,0.00607762,-0.00055651,-1.00012e+07,-9.73177e+06,32712.1
0,2.5,0.00606165,-0.000579679,-1.00002e+07,-9.7288e+06,33638.7
0,2.6,0.00604498,-0.000602883,-9.99967e+06,-9.72671e+06,34746.8
0,2.7,0.00602766,-0.000626125,-1.00011e+07,-9.72881e+06,37073.5
0,2.8,0.0060096,-0.000649355,-1.00021e+07,-9.72995e+06,39234.5
0,2.9,0.0059908,-0.000672575,-1.00029e+07,-9.73012e+06,41229.9
0,3,0.00597125,-0.000695784,-1.00033e+07,-9.72932e+06,43059.5
0,3.1,0.00595097,-0.000718981,-1.00033e+07,-9.72756e+06,44723.5
0,3.2,0.00592995,-0.000742168,-1.0003e+07,-9.72484e+06,46221.8
0,3.3,0.00590818,-0.000765343,-1.00024e+07,-9.72115e+06,47554.4
0,3.4,0.00588568,-0.000788508,-1.00014e+07,-9.71649e+06,48721.4
0,3.5,0.00586244,-0.000811662,-1.00001e+07,-9.71087e+06,49722.7
0,3.6,0.00583844,-0.000834867,-9.99937e+06,-9.70633e+06,51189.7
0,3.7,0.00581371,-0.00085813,-1.00011e+07,-9.70705e+06,54153.8
0,3.8,0.00578814,-0.000881376,-1.00025e+07,-9.70776e+06,56840.2
0,3.9,0.00576174,-0.000904605,-1.00036e+07,-9.70845e+06,59249
0,4,0.0057345,-0.000927816,-1.00044e+07,-9.70911e+06,61380.1
0,4.1,0.00570642,-0.000951009,-1.00049e+07,-9.70976e+06,63233.5
0,4.2,0.00567751,-0.000974185,-1.00051e+07,-9.71038e+06,64809.3
0,4.3,0.00564776,-0.000997343,-1.0005e+07,-9.71098e+06,66107.3
0,4.4,0.00561717,-0.00102048,-1.00047e+07,-9.71156e+06,67127.7
0,4.5,0.00558575,-0.00104361,-1.0004e+07,-9.71213e+06,67870.4
0,4.6,0.00555347,-0.00106688,-1.0005e+07,-9.70861e+06,71186.4
0,4.7,0.00552029,-0.00109016,-1.00062e+07,-9.70288e+06,75126.7
0,4.8,0.00548611,-0.00111341,-1.00069e+07,-9.6963e+06,78637.2
0,4.9,0.00545096,-0.00113664,-1.00069e+07,-9.68886e+06,81718
0,5,0.00541482,-0.00115984,-1.00064e+07,-9.68057e+06,84369
0,5.1,0.0053777,-0.00118301,-1.00052e+07,-9.67143e+06,86590.3
0,5.2,0.00533959,-0.00120616,-1.00035e+07,-9.66143e+06,88381.7
0,5.3,0.0053005,-0.00122928,-1.00012e+07,-9.65057e+06,89743.4
0,5.4,0.00526043,-0.00125237,-9.9983e+06,-9.63887e+06,90675.3
0,5.5,0.00521935,-0.00127567,-1.00014e+07,-9.64166e+06,94895.9
0,5.6,0.00517715,-0.00129897,-1.00061e+07,-9.64737e+06,100133
0,5.7,0.00513375,-0.00132224,-1.00094e+07,-9.6488e+06,104753
0,5.8,0.00508913,-0.00134547,-1.00111e+07,-9.64596e+06,108755
0,5.9,0.00504331,-0.00136866,-1.00114e+07,-9.63885e+06,112139
0,6,0.00499628,-0.0013918,-1.00102e+07,-9.62748e+06,114906
0,6.1,0.00494804,-0.00141491,-1.00076e+07,-9.61183e+06,117054
0,6.2,0.00489859,-0.00143797,-1.00034e+07,-9.59191e+06,118586
0,6.3,0.00484789,-0.00146114,-1.00003e+07,-9.57324e+06,120802
0,6.4,0.00479592,-0.00148453,-1.00045e+07,-9.57149e+06,127316
0,6.5,0.00474238,-0.00150785,-1.00102e+07,-9.57384e+06,135119
0,6.6,0.00468727,-0.0015311,-1.00173e+07,-9.58028e+06,144211
0,6.7,0.0046306,-0.00155429,-1.00257e+07,-9.59082e+06,154591
0,6.8,0.00457237,-0.00157741,-1.00356e+07,-9.60547e+06,166260
0,6.9,0.00451258,-0.00160046,-1.00469e+07,-9.62421e+06,179217
0,7,0.00445122,-0.00162344,-1.00596e+07,-9.64706e+06,193463
0,7.1,0.00438824,-0.00164672,-1.00625e+07,-9.63618e+06,