x,y,sigxx
0, 0, -1.00015e+07
0.1, 0, -1.00015e+07
0.2, 0, -1.00014e+07
0.3, 0, -1.00012e+07
0.4, 0, -1.00011e+07
0.5, 0, -1.0001e+07
0.6, 0, -1.00009e+07
0.7, 0, -1.00008e+07
0.8, 0, -1.00007e+07
0.9, 0, -1.00005e+07
1, 0, -1.00002e+07
1.1, 0, -9.99975e+06
1.2, 0, -9.99682e+06
1.3, 0, -9.99081e+06
1.4, 0, -9.98442e+06
1.5, 0, -9.97766e+06
1.6, 0, -9.97053e+06
1.7, 0, -9.96307e+06
1.8, 0, -9.95618e+06
1.9, 0, -9.9493e+06
2, 0, -9.94241e+06
2.1, 0, -9.93552e+06
2.2, 0, -9.92864e+06
2.3, 0, -9.91458e+06
2.4, 0, -9.89766e+06
2.5, 0, -9.8803e+06
2.6, 0, -9.86252e+06
2.7, 0, -9.8443e+06
2.8, 0, -9.82552e+06
2.9, 0, -9.80648e+06
3, 0, -9.78801e+06
3.1, 0, -9.7701e+06
3.2, 0, -9.75275e+06
3.3, 0, -9.73596e+06
3.4, 0, -9.70644e+06
3.5, 0, -9.67392e+06
3.6, 0, -9.64129e+06
3.7, 0, -9.60857e+06
3.8, 0, -9.57574e+06
3.9, 0, -9.54295e+06
4, 0, -9.51099e+06
4.1, 0, -9.47933e+06
4.2, 0, -9.44797e+06
4.3, 0, -9.41691e+06
4.4, 0, -9.38616e+06
4.5, 0, -9.34969e+06
4.6, 0, -9.30873e+06
4.7, 0, -9.26776e+06
4.8, 0, -9.22679e+06
4.9, 0, -9.18581e+06
5, 0, -9.14484e+06
5.1, 0, -9.10264e+06
5.2, 0, -9.06001e+06
5.3, 0, -9.0173e+06
5.4, 0, -8.97449e+06
5.5, 0, -8.9316e+06
5.6, 0, -8.88795e+06
5.7, 0, -8.83588e+06
5.8, 0, -8.78438e+06
5.9, 0, -8.73347e+06
6, 0, -8.68313e+06
6.1, 0, -8.63338e+06
6.2, 0, -8.58354e+06
6.3, 0, -8.53081e+06
6.4, 0, -8.47851e+06
6.5, 0, -8.42662e+06
6.6, 0, -8.37516e+06
6.7, 0, -8.32411e+06
6.8, 0, -8.27115e+06
6.9, 0, -8.21475e+06
7, 0, -8.15973e+06
7.1, 0, -8.10611e+06
7.2, 0, -8.05389e+06
7.3, 0, -8.00306e+06
7.4, 0, -7.95144e+06
7.5, 0, -7.89548e+06
7.6, 0, -7.83951e+06
7.7, 0, -7.78355e+06
7.8, 0, -7.72758e+06
7.9, 0, -7.67162e+06
8, 0, -7.61495e+06
8.1, 0, -7.55775e+06
8.2, 0, -7.50159e+06
8.3, 0, -7.44647e+06
8.4, 0, -7.3924e+06
8.5, 0, -7.33936e+06
8.6, 0, -7.28652e+06
8.7, 0, -7.2301e+06
8.8, 0, -7.17435e+06
8.9, 0, -7.11925e+06
9, 0, -7.06481e+06
9.1, 0, -7.01104e+06
9.2, 0, -6.95789e+06
9.3, 0, -6.90444e+06
9.4, 0, -6.85099e+06
9.5, 0, -6.79754e+06
9.6, 0, -6.74408e+06
9.7, 0, -6.69062e+06
9.8, 0, -6.63716e+06
9.9, 0, -6.5799e+06
10, 0, -6.52291e+06
10.1, 0, -6.46812e+06
10.2, 0, -6.41555e+06
10.3, 0, -6.36519e+06
10.4, 0, -6.31703e+06
10.5, 0, -6.26769e+06
10.6, 0, -6.21573e+06
10.7, 0, -6.16509e+06
10.8, 0, -6.11579e+06
10.9, 0, -6.06782e+06
11, 0, -6.02117e+06
11.1, 0, -5.97585e+06
11.2, 0, -5.92362e+06
11.3, 0, -5.87117e+06
11.4, 0, -5.81874e+06
11.5, 0, -5.76635e+06
11.6, 0, -5.71449e+06
11.7, 0, -5.66982e+06
11.8, 0, -5.6255e+06
11.9, 0, -5.58155e+06
12, 0, -5.53794e+06
12.1, 0, -5.4947e+06
12.2, 0, -5.45181e+06
12.3, 0, -5.40753e+06
12.4, 0, -5.36317e+06
12.5, 0, -5.31881e+06
12.6, 0, -5.27445e+06
12.7, 0, -5.23009e+06
12.8, 0, -5.18572e+06
12.9, 0, -5.14136e+06
13, 0, -5.097e+06
13.1, 0, -5.05264e+06
13.2, 0, -5.00957e+06
13.3, 0, -4.96763e+06
13.4, 0, -4.92673e+06
13.5, 0, -4.88688e+06
13.6, 0, -4.84808e+06
13.7, 0, -4.81032e+06
13.8, 0, -4.77361e+06
13.9, 0, -4.73795e+06
14, 0, -4.70334e+06
14.1, 0, -4.66813e+06
14.2, 0, -4.63168e+06
14.3, 0, -4.59482e+06
14.4, 0, -4.55755e+06
14.5, 0, -4.51988e+06
14.6, 0, -4.47714e+06
14.7, 0, -4.43387e+06
14.8, 0, -4.39374e+06
14.9, 0, -4.35676e+06
15, 0, -4.32291e+06
15.1, 0, -4.29083e+06
15.2, 0, -4.25698e+06
15.3, 0, -4.22369e+06
15.4, 0, -4.19096e+06
15.5, 0, -4.15879e+06
15.6, 0, -4.12719e+06
15.7, 0, -4.09418e+06
15.8, 0, -4.06073e+06
15.9, 0, -4.02804e+06
16, 0, -3.9961e+06
16.1, 0, -3.96491e+06
16.2, 0, -3.93447e+06
16.3, 0, -3.90479e+06
16.4, 0, -3.87586e+06
16.5, 0, -3.84728e+06
16.6, 0, -3.81599e+06
16.7, 0, -3.78502e+06
16.8, 0, -3.75438e+06
16.9, 0, -3.72405e+06
17, 0, -3.69405e+06
17.1, 0, -3.66437e+06
17.2, 0, -3.6379e+06
17.3, 0, -3.61212e+06
17.4, 0, -3.58643e+06
17.5, 0, -3.56083e+06
17.6, 0, -3.53531e+06
17.7, 0, -3.50783e+06
17.8, 0, -3.47853e+06
17.9, 0, -3.44964e+06
18, 0, -3.42117e+06
18.1, 0, -3.39311e+06
18.2, 0, -3.36546e+06
18.3, 0, -3.33823e+06
18.4, 0, -3.31142e+06
18.5, 0, -3.28501e+06
18.6, 0, -3.2611e+06
18.7, 0, -3.23804e+06
18.8, 0, -3.21531e+06
18.9, 0, -3.19289e+06
19, 0, -3.17079e+06
19.1, 0, -3.14901e+06
19.2, 0, -3.12756e+06
19.3, 0, -3.10642e+06
19.4, 0, -3.08516e+06
19.5, 0, -3.0626e+06
19.6, 0, -3.04003e+06
19.7, 0, -3.01744e+06
19.8, 0, -2.99484e+06
19.9, 0, -2.97222e+06
20, 0, -2.94959e+06
20.1, 0, -2.92833e+06
20.2, 0, -2.90873e+06
20.3, 0, -2.88914e+06
20.4, 0, -2.86956e+06
20.5, 0, -2.85e+06
20.6, 0, -2.82981e+06
20.7, 0, -2.80838e+06
20.8, 0, -2.78729e+06
20.9, 0, -2.76655e+06
21, 0, -2.74614e+06
21.1, 0, -2.72608e+06
21.2, 0, -2.70636e+06
21.3, 0, -2.68699e+06
21.4, 0, -2.66795e+06
21.5, 0, -2.64926e+06
21.6, 0, -2.63171e+06
21.7, 0, -2.61451e+06
21.8, 0, -2.59756e+06
21.9, 0, -2.58084e+06
22, 0, -2.56436e+06
22.1, 0, -2.54811e+06
22.2, 0, -2.5321e+06
22.3, 0, -2.51633e+06
22.4, 0, -2.50073e+06
22.5, 0, -2.4836e+06
22.6, 0, -2.46658e+06
22.7, 0, -2.44966e+06
22.8, 0, -2.43285e+06
22.9, 0, -2.41614e+06
23, 0, -2.39953e+06
23.1, 0, -2.38303e+06
23.2, 0, -2.36637e+06
23.3, 0, -2.35012e+06
23.4, 0, -2.33429e+06
23.5, 0, -2.31887e+06
23.6, 0, -2.30388e+06
23.7, 0, -2.2893e+06
23.8, 0, -2.27513e+06
23.9, 0, -2.26139e+06
24, 0, -2.24806e+06
24.1, 0, -2.23515e+06
24.2, 0, -2.22266e+06
24.3, 0, -2.20805e+06
24.4, 0, -2.19302e+06
24.5, 0, -2.1781e+06
24.6, 0, -2.16331e+06
24.7, 0, -2.14906e+06
24.8, 0, -2.13563e+06
24.9, 0, -2.12243e+06
25, 0, -2.10947e+06
25.1, 0, -2.09675e+06
25.2, 0, -2.08427e+06
25.3, 0, -2.07202e+06
25.4, 0, -2.06001e+06
25.5, 0, -2.04823e+06
25.6, 0, -2.03642e+06
25.7, 0, -2.02438e+06
25.8, 0, -2.01264e+06
25.9, 0, -2.00119e+06
26, 0, -1.99003e+06
26.1, 0, -1.97916e+06
26.2, 0, -1.96859e+06
26.3, 0, -1.95756e+06
26.4, 0, -1.94606e+06
26.5, 0, -1.93456e+06
26.6, 0, -1.9219e+06
26.7, 0, -1.90909e+06
26.8, 0, -1.89656e+06
26.9, 0, -1.88429e+06
27, 0, -1.8723e+06
27.1, 0, -1.86057e+06
27.2, 0, -1.84912e+06
27.3, 0, -1.83793e+06
27.4, 0, -1.82702e+06
27.5, 0, -1.81637e+06
27.6, 0, -1.806e+06
27.7, 0, -1.79589e+06
27.8, 0, -1.78606e+06
27.9, 0, -1.77571e+06
28, 0, -1.76496e+06
28.1, 0, -1.75416e+06
28.2, 0, -1.74442e+06
28.3, 0, -1.73545e+06
28.4, 0, -1.72645e+06
28.5, 0, -1.71741e+06
28.6, 0, -1.70834e+06
28.7, 0, -1.69924e+06
28.8, 0, -1.6901e+06
28.9, 0, -1.68087e+06
29, 0, -1.67144e+06
29.1, 0, -1.66193e+06
29.2, 0, -1.65233e+06
29.3, 0, -1.64265e+06
29.4, 0, -1.63288e+06
29.5, 0, -1.62303e+06
29.6, 0, -1.61342e+06
29.7, 0, -1.60548e+06
29.8, 0, -1.59758e+06
29.9, 0, -1.58972e+06
30, 0, -1.58168e+06
30.1, 0, -1.57357e+06
30.2, 0, -1.56546e+06
30.3, 0, -1.55735e+06
30.4, 0, -1.54924e+06
30.5, 0, -1.54113e+06
30.6, 0, -1.53303e+06
30.7, 0, -1.52492e+06
30.8, 0, -1.51681e+06
30.9, 0, -1.5087e+06
31, 0, -1.50059e+06
31.1, 0, -1.49249e+06
31.2, 0, -1.48438e+06
31.3, 0, -1.47704e+06
31.4, 0, -1.46993e+06
31.5, 0, -1.46286e+06
31.6, 0, -1.45583e+06
31.7, 0, -1.44884e+06
31.8, 0, -1.44183e+06
31.9, 0, -1.4348e+06
32, 0, -1.42776e+06
32.1, 0, -1.42069e+06
32.2, 0, -1.4136e+06
32.3, 0, -1.40649e+06
32.4, 0, -1.39942e+06
32.5, 0, -1.39238e+06
32.6, 0, -1.38537e+06
32.7, 0, -1.37837e+06
32.8, 0, -1.37139e+06
32.9, 0, -1.36443e+06
33, 0, -1.35749e+06
33.1, 0, -1.35057e+06
33.2, 0, -1.34366e+06
33.3, 0, -1.33678e+06
33.4, 0, -1.33007e+06
33.5, 0, -1.32388e+06
33.6, 0, -1.31777e+06
33.7, 0, -1.31174e+06
33.8, 0, -1.3058e+06
33.9, 0, -1.29993e+06
34, 0, -1.29415e+06
34.1, 0, -1.28844e+06
34.2, 0, -1.28282e+06
34.3, 0, -1.27728e+06
34.4, 0, -1.27182e+06
34.5, 0, -1.26644e+06
34.6, 0, -1.26114e+06
34.7, 0, -1.25542e+06
34.8, 0, -1.24926e+06
34.9, 0, -1.24311e+06
35, 0, -1.23697e+06
35.1, 0, -1.23083e+06
35.2, 0, -1.22465e+06
35.3, 0, -1.21847e+06
35.4, 0, -1.21243e+06
35.5, 0, -1.20655e+06
35.6, 0, -1.20083e+06
35.7, 0, -1.19525e+06
35.8, 0, -1.18983e+06
35.9, 0, -1.18457e+06
36, 0, -1.17935e+06
36.1, 0, -1.17412e+06
36.2, 0, -1.16903e+06
36.3, 0, -1.16406e+06
36.4, 0, -1.15921e+06
36.5, 0, -1.1545e+06
36.6, 0, -1.14991e+06
36.7, 0, -1.14544e+06
36.8, 0, -1.141e+06
36.9, 0, -1.13625e+06
37, 0, -1.13156e+06
37.1, 0, -1.12624e+06
37.2, 0, -1.12084e+06
37.3, 0, -1.11553e+06
37.4, 0, -1.1103e+06
37.5, 0, -1.10515e+06
37.6, 0, -1.10008e+06
37.7, 0, -1.0951e+06
37.8, 0, -1.0902e+06
37.9, 0, -1.08539e+06
38, 0, -1.08065e+06
38.1, 0, -1.076e+06
38.2, 0, -1.07143e+06
38.3, 0, -1.06695e+06
38.4, 0, -1.06254e+06
38.5, 0, -1.05823e+06
38.6, 0, -1.05399e+06
38.7, 0, -1.04977e+06
38.8, 0, -1.04552e+06
38.9, 0, -1.04131e+06
39, 0, -1.0372e+06
39.1, 0, -1.0331e+06
39.2, 0, -1.029e+06
39.3, 0, -1.02491e+06
39.4, 0, -1.02083e+06
39.5, 0, -1.01675e+06
39.6, 0, -1.01267e+06
39.7, 0, -1.0086e+06
39.8, 0, -1.0045e+06
39.9, 0, -1.00037e+06
40, 0, -996249
40.1, 0, -992128
40.2, 0, -988011
40.3, 0, -983898
40.4, 0, -979790
40.5, 0, -975686
40.6, 0, -971586
40.7, 0, -967876
40.8, 0, -964345
40.9, 0, -960814
41, 0, -957284
41.1, 0, -953753
41.2, 0, -950222
41.3, 0, -946691
41.4, 0, -943160
41.5, 0, -939629
41.6, 0, -936099
41.7, 0, -932568
41.8, 0, -929037
41.9, 0, -925506
42, 0, -921975
42.1, 0, -918444
42.2, 0, -914914
42.3, 0, -911317
42.4, 0, -907655
42.5, 0, -903995
42.6, 0, -900337
42.7, 0, -897304
42.8, 0, -894375
42.9, 0, -891367
43, 0, -888282
43.1, 0, -885197
43.2, 0, -882111
43.3, 0, -879025
43.4, 0, -875938
43.5, 0, -872850
43.6, 0, -869762
43.7, 0, -866674
43.8, 0, -863565
43.9, 0, -860442
44, 0, -857309
44.1, 0, -854165
44.2, 0, -851012
44.3, 0, -847848
44.4, 0, -844675
44.5, 0, -841491
44.6, 0, -838298
44.7, 0, -835373
44.8, 0, -832668
44.9, 0, -829964
45, 0, -827259
45.1, 0, -824553
45.2, 0, -821848
45.3, 0, -819142
45.4, 0, -816436
45.5, 0, -813730
45.6, 0, -811024
45.7, 0, -808317
45.8, 0, -805601
45.9, 0, -802858
46, 0, -800114
46.1, 0, -797369
46.2, 0, -794622
46.3, 0, -791874
46.4, 0, -789125
46.5, 0, -786374
46.6, 0, -783622
46.7, 0, -781060
46.8, 0, -778610
46.9, 0, -776171
47, 0, -773741
47.1, 0, -771283
47.2, 0, -768812
47.3, 0, -766368
47.4, 0, -763952
47.5, 0, -761564
47.6, 0, -759204
47.7, 0, -756872
47.8, 0, -754568
47.9, 0, -752291
48, 0, -750043
48.1, 0, -747822
48.2, 0, -745630
48.3, 0, -743465
48.4, 0, -741328
48.5, 0, -739219
48.6, 0, -737138
48.7, 0, -735085
48.8, 0, -733045
48.9, 0, -730737
49, 0, -728429
49.1, 0, -726007
49.2, 0, -723503
49.3, 0, -721048
49.4, 0, -718644
49.5, 0, -716289
49.6, 0, -713984
49.7, 0, -711728
49.8, 0, -709523
49.9, 0, -707367
50, 0, -705260
50.1, 0, -703204
50.2, 0, -701197
50.3, 0, -699240
50.4, 0, -697332
50.5, 0, -695475
50.6, 0, -693667
50.7, 0, -691909
50.8, 0, -690200
50.9, 0, -688541
51, 0, -686807
51.1, 0, -684727
51.2, 0, -682659
51.3, 0, -680580
51.4, 0, -678514
51.5, 0, -676462
51.6, 0, -674425
51.7, 0, -672402
51.8, 0, -670395
51.9, 0, -668401
52, 0, -666423
52.1, 0, -664459
52.2, 0, -662510
52.3, 0, -660552
52.4, 0, -658609
52.5, 0, -656690
52.6, 0, -654796
52.7, 0, -652928
52.8, 0, -651084
52.9, 0, -649264
53, 0, -647470
53.1, 0, -645700
53.2, 0, -643955
53.3, 0, -642248
53.4, 0, -640540
53.5, 0, -638873
53.6, 0, -637230
53.7, 0, -635608
53.8, 0, -634007
53.9, 0, -632426
54, 0, -630865
54.1, 0, -629326
54.2, 0, -627807
54.3, 0, -626308
54.4, 0, -624830
54.5, 0, -623371
54.6, 0, -621923
54.7, 0, -620487
54.8, 0, -619063
54.9, 0, -617652
55, 0, -616254
55.1, 0, -614868
55.2, 0, -613494
55.3, 0, -612132
55.4, 0, -610783
55.5, 0, -609397
55.6, 0, -607952
55.7, 0, -606506
55.8, 0, -604800
55.9, 0, -603045
56, 0, -601325
56.1, 0, -599639
56.2, 0, -597988
56.3, 0, -596372
56.4, 0, -594791
56.5, 0, -593244
56.6, 0, -591732
56.7, 0, -590254
56.8, 0, -588812
56.9, 0, -587404
57, 0, -586030
57.1, 0, -584692
57.2, 0, -583388
57.3, 0, -582119
57.4, 0, -580884
57.5, 0, -579684
57.6, 0, -578519
57.7, 0, -577389
57.8, 0, -576293
57.9, 0, -575016
58, 0, -573695
58.1, 0, -572256
58.2, 0, -570810
58.3, 0, -569388
58.4, 0, -567990
58.5, 0, -566616
58.6, 0, -565265
58.7, 0, -563939
58.8, 0, -562636
58.9, 0, -561356
59, 0, -560101
59.1, 0, -558869
59.2, 0, -557649
59.3, 0, -556444
59.4, 0, -555261
59.5, 0, -554100
59.6, 0, -552962
59.7, 0, -551847
59.8, 0, -550754
59.9, 0, -549683
60, 0, -548635
60.1, 0, -547609
60.2, 0, -546606
60.3, 0, -545531
60.4, 0, -544449
60.5, 0, -543280
60.6, 0, -542054
60.7, 0, -540839
60.8, 0, -539635
60.9, 0, -538441
61, 0, -537258
61.1, 0, -536086
61.2, 0, -534925
61.3, 0, -533774
61.4, 0, -532634
61.5, 0, -531505
61.6, 0, -530386
61.7, 0, -529278
61.8, 0, -528181
61.9, 0, -527095
62, 0, -526019
62.1, 0, -524954
62.2, 0, -523900
62.3, 0, -522857
62.4, 0, -521824
62.5, 0, -520802
62.6, 0, -519791
62.7, 0, -518757
62.8, 0, -517716
62.9, 0, -516710
63, 0, -515728
63.1, 0, -514757
63.2, 0, -513796
63.3, 0, -512847
63.4, 0, -511908
63.5, 0, -510980
63.6, 0, -510063
63.7, 0, -509157
63.8, 0, -508262
63.9, 0, -507378
64, 0, -506504
64.1, 0, -505641
64.2, 0, -504789
64.3, 0, -503948
64.4, 0, -503118
64.5, 0, -502299
64.6, 0, -501490
64.7, 0, -500693
64.8, 0, -499906
64.9, 0, -499130
65, 0, -498365
65.1, 0, -497611
65.2, 0, -496748
65.3, 0, -495895
65.4, 0, -494958
65.5, 0, -494025
65.6, 0, -493100
65.7, 0, -492185
65.8, 0, -491277
65.9, 0, -490379
66, 0, -489489
66.1, 0, -488608
66.2, 0, -487735
66.3, 0, -486871
66.4, 0, -486015
66.5, 0, -485168
66.6, 0, -484321
66.7, 0, -483479
66.8, 0, -482648
66.9, 0, -481829
67, 0, -481022
67.1, 0, -480227
67.2, 0, -479443
67.3, 0, -478672
67.4, 0, -477913
67.5, 0, -477165
67.6, 0, -476430
67.7, 0, -475721
67.8, 0, -475064
67.9, 0, -474341
68, 0, -473590
68.1, 0, -472846
68.2, 0, -472109
68.3, 0, -471379
68.4, 0, -470656
68.5, 0, -469940
68.6, 0, -469232
68.7, 0, -468530
68.8, 0, -467836
68.9, 0, -467149
69, 0, -466468
69.1, 0, -465795
69.2, 0, -465128
69.3, 0, -464467
69.4, 0, -463811
69.5, 0, -463162
69.6, 0, -462519
69.7, 0, -461882
69.8, 0, -461252
69.9, 0, -460627
70, 0, -460009
70.1, 0, -459396
70.2, 0, -458790
70.3, 0, -458179
70.4, 0, -457532
70.5, 0, -456866
70.6, 0, -456184
70.7, 0, -455508
70.8, 0, -454838
70.9, 0, -454173
71, 0, -453514
71.1, 0, -452860
71.2, 0, -452212
71.3, 0, -451569
71.4, 0, -450932
71.5, 0, -450300
71.6, 0, -449674
71.7, 0, -449054
71.8, 0, -448439
71.9, 0, -447830
72, 0, -447226
72.1, 0, -446627
72.2, 0, -446035
72.3, 0, -445448
72.4, 0, -444866
72.5, 0, -444290
72.6, 0, -443719
72.7, 0, -443154
72.8, 0, -442595
72.9, 0, -442041
73, 0, -441498
73.1, 0, -440965
73.2, 0, -440424
73.3, 0, -439889
73.4, 0, -439359
73.5, 0, -438834
73.6, 0, -438315
73.7, 0, -437802
73.8, 0, -437293
73.9, 0, -436790
74, 0, -436293
74.1, 0, -435800
74.2, 0, -435314
74.3, 0, -434832
74.4, 0, -434356
74.5, 0, -433885
74.6, 0, -433417
74.7, 0, -432953
74.8, 0, -432493
74.9, 0, -432038
75, 0, -431588
75.1, 0, -431142
75.2, 0, -430700
75.3, 0, -430263
75.4, 0, -429831
75.5, 0, -429403
75.6, 0, -428979
75.7, 0, -428560
75.8, 0, -428079
75.9, 0, -427549
76, 0, -427011
76.1, 0, -426482
76.2, 0, -425963
76.3, 0, -425452
76.4, 0, -424952
76.5, 0, -424460
76.6, 0, -423978
76.7, 0, -423505
76.8, 0, -423041
76.9, 0, -422587
77, 0, -422142
77.1, 0, -421707
77.2, 0, -421280
77.3, 0, -420864
77.4, 0, -420456
77.5, 0, -420058
77.6, 0, -419669
77.7, 0, -419289
77.8, 0, -418919
77.9, 0, -418558
78, 0, -418207
78.1, 0, -417865
78.2, 0, -417532
78.3, 0, -417208
78.4, 0, -416894
78.5, 0, -416586
78.6, 0, -416172
78.7, 0, -415743
78.8, 0, -415317
78.9, 0, -414895
79, 0, -414476
79.1, 0, -414062
79.2, 0, -413651
79.3, 0, -413244
79.4, 0, -412841
79.5, 0, -412442
79.6, 0, -412047
79.7, 0, -411655
79.8, 0, -411268
79.9, 0, -410884
80, 0, -410504
80.1, 0, -410127
80.2, 0, -409750
80.3, 0, -409378
80.4, 0, -409011
80.5, 0, -408648
80.6, 0, -408290
80.7, 0, -407937
80.8, 0, -407588
80.9, 0, -407244
81, 0, -406905
81.1, 0, -406570
81.2, 0, -406240
81.3, 0, -405914
81.4, 0, -405588
81.5, 0, -405261
81.6, 0, -404970
81.7, 0, -404679
81.8, 0, -404389
81.9, 0, -404098
82, 0, -403808
82.1, 0, -403518
82.2, 0, -403228
82.3, 0, -402938
82.4, 0, -402649
82.5, 0, -402360
82.6, 0, -402071
82.7, 0, -401782
82.8, 0, -401493
82.9, 0, -401205
83, 0, -400917
83.1, 0, -400629
83.2, 0, -400341
83.3, 0, -400054
83.4, 0, -399766
83.5, 0, -399479
83.6, 0, -399193
83.7, 0, -398906
83.8, 0, -398620
83.9, 0, -398333
84, 0, -398048
84.1, 0, -397762
84.2, 0, -397476
84.3, 0, -397191
84.4, 0, -396949
84.5, 0, -396696
84.6, 0, -396446
84.7, 0, -396199
84.8, 0, -395956
84.9, 0, -395716
85, 0, -395479
85.1, 0, -395245
85.2, 0, -395015
85.3, 0, -394788
85.4, 0, -394565
85.5, 0, -394345
85.6, 0, -394128
85.7, 0, -393914
85.8, 0, -393704
85.9, 0, -393497
86, 0, -393293
86.1, 0, -393091
86.2, 0, -392892
86.3, 0, -392696
86.4, 0, -392503
86.5, 0, -392314
86.6, 0, -392127
86.7, 0, -391943
86.8, 0, -391763
86.9, 0, -391585
87, 0, -391411
87.1, 0, -391240
87.2, 0, -391072
87.3, 0, -390907
87.4, 0, -390733
87.5, 0, -390474
87.6, 0, -390220
87.7, 0, -389973
87.8, 0, -389733
87.9, 0, -389498
88, 0, -389270
88.1, 0, -389048
88.2, 0, -388832
88.3, 0, -388622
88.4, 0, -388418
88.5, 0, -388221
88.6, 0, -388030
88.7, 0, -387845
88.8, 0, -387666
88.9, 0, -387494
89, 0, -387327
89.1, 0, -387167
89.2, 0, -387013
89.3, 0, -386866
89.4, 0, -386724
89.5, 0, -386589
89.6, 0, -386460
89.7, 0, -386337
89.8, 0, -386220
89.9, 0, -386110
90, 0, -386005
90.1, 0, -385907
90.2, 0, -385815
90.3, 0, -385730
90.4, 0, -385629
90.5, 0, -385459
90.6, 0, -385269
90.7, 0, -385083
90.8, 0, -384900
90.9, 0, -384719
91, 0, -384542
91.1, 0, -384368
91.2, 0, -384197
91.3, 0, -384029
91.4, 0, -383864
91.5, 0, -383702
91.6, 0, -383544
91.7, 0, -383388
91.8, 0, -383235
91.9, 0, -383086
92, 0, -382940
92.1, 0, -382796
92.2, 0, -382656
92.3, 0, -382519
92.4, 0, -382385
92.5, 0, -382253
92.6, 0, -382125
92.7, 0, -382001
92.8, 0, -381879
92.9, 0, -381760
93, 0, -381645
93.1, 0, -381532
93.2, 0, -381423
93.3, 0, -381317
93.4, 0, -381214
93.5, 0, -381114
93.6, 0, -381038
93.7, 0, -380966
93.8, 0, -380893
93.9, 0, -380821
94, 0, -380749
94.1, 0, -380677
94.2, 0, -380604
94.3, 0, -380532
94.4, 0, -380460
94.5, 0, -380387
94.6, 0, -380315
94.7, 0, -380243
94.8, 0, -380170
94.9, 0, -380098
95, 0, -380026
95.1, 0, -379953
95.2, 0, -379881
95.3, 0, -379809
95.4, 0, -379736
95.5, 0, -379664
95.6, 0, -379592
95.7, 0, -379519
95.8, 0, -379447
95.9, 0, -379375
96, 0, -379303
96.1, 0, -379230
96.2, 0, -379158
96.3, 0, -379086
96.4, 0, -379013
96.5, 0, -378941
96.6, 0, -378869
96.7, 0, -378796
96.8, 0, -378735
96.9, 0, -378698
97, 0, -378663
97.1, 0, -378630
97.2, 0, -378598
97.3, 0, -378568
97.4, 0, -378539
97.5, 0, -378512
97.6, 0, -378487
97.7, 0, -378463
97.8, 0, -378441
97.9, 0, -378421
98, 0, -378402
98.1, 0, -378385
98.2, 0, -378369
98.3, 0, -378356
98.4, 0, -378343
98.5, 0, -378333
98.6, 0, -378324
98.7, 0, -378316
98.8, 0, -378311
98.9, 0, -378307
99, 0, -378304
99.1, 0, -378303
99.2, 