11.8 15.2 14.9 11.6  9.0 10.3 12.5 20.5 21.8 14.6 16.0 16.0 15.1 14.2  5.3 17.6 18.6 19.5 12.2 14.2 14.3 12.5 15.2 14.5
15.9 10.6 13.9 14.4 13.0 11.7 16.2 17.8 21.1 18.9 18.7 15.1 15.0 15.4  9.7 13.8 18.1 19.9 18.3 11.7 16.8 12.4 14.2 16.9
15.1 15.2 13.9 11.2  7.5  9.4 13.9 17.4 18.0 16.9 18.5 14.2 17.9 14.0  8.1 11.7 19.3 14.3 15.7 15.2 16.8 10.3 17.1 15.9
15.1 13.1 10.9  9.8  9.8 12.3 15.4 12.8 17.1 14.1 11.0 10.5  9.5 10.4 13.1 16.2  9.5 12.6 18.8 15.8 12.5  9.0 12.0 12.7
20.9 16.1 14.1 12.2 12.6 14.6 16.1 17.4 14.6 14.2 15.4 13.8	 5.3  9.0 18.5 17.2 11.4 18.0 23.1 20.2 17.4 16.2  9.1 10.6
17.0 11.1 11.1 10.7 16.1 16.1 16.6 17.4 15.7 14.7 14.8  9.2 13.0 11.1 13.1 18.4 15.3 13.4 21.8 21.0 19.2 13.1  8.8  9.8
11.6 14.2 12.8 16.9 13.1 16.2 13.1 17.6 12.2 16.3 14.0 10.3 10.3 14.1 11.9 18.3 13.4 10.6  9.6 15.7 19.8 14.0 13.7 13.5
13.7 13.3 13.9 17.1 17.5 15.6 16.5 20.2 12.8 13.7 16.7 11.1 14.8 17.8 10.5 18.7 16.9 10.3 12.7 20.9 16.6 13.9 16.7 20.6
10.4 15.1 15.2 15.5 16.9 17.8 15.0 14.8 21.1 13.5 18.4 14.7 14.9 19.7 16.2 18.5 16.7 16.4 12.3 13.4 18.1 16.8 17.8 16.3
14.3 19.0 18.5 13.6 15.8 18.4 13.3 13.3  9.6 14.1 13.2 15.5 20.3 17.2 18.1 17.8 17.1 15.4 17.2 13.6 15.6 17.0 19.4 16.0
 8.8 13.1 19.3 19.6 18.7 20.5  9.8 10.6 11.2  7.0 13.5 16.1	11.8 12.0 16.0 16.2 11.9 15.8 12.6 11.1 11.1 17.5 16.4 13.0
12.1 15.0 15.1 19.6 19.6 15.4 13.6 14.2 12.3  9.2 14.1 13.0 13.9 13.7  9.8 12.2 15.4 13.3 15.9 13.0 15.3 11.8 15.9 13.0
13.5 13.8 17.9 20.2 23.3 21.0 16.3 16.0 15.6 18.5 15.1 10.7 15.4 16.4 13.7 14.4 11.4  9.2 14.9 17.8 15.1 11.4 17.1 14.4
15.7 13.9 18.2 14.7 20.0 17.8 17.9 19.3 19.0 14.8 13.1 14.3 18.1 13.3 11.2 15.0 14.2 11.0 14.3 17.1 15.9 15.5 10.4 17.5
16.1 17.0 14.0 14.8 13.1 17.1 14.9 16.5 21.0 18.0 19.5 11.3 13.6 13.5 16.1 16.9 12.8 13.4 16.3 18.0 21.6 14.3  8.4 12.6
18.6 15.9 24.0 12.7  9.8 13.6 17.5 16.5 18.2 18.4 13.8 15.7 13.3 14.9 18.1 19.4 13.1 18.5 19.0 13.3 20.2 14.0 12.6 12.0
21.1 18.2 18.4 15.1 11.4 15.3 13.6 19.8 18.4 18.0 12.5  9.1 10.2 14.9 14.7 20.8 16.9 16.8 21.0 17.0 15.4 12.4 12.1 14.5
17.5 17.2 18.4 13.6  9.8 16.6 18.6 20.4 16.9 17.8 13.6  8.8 13.0 12.8 12.1 15.3 18.3 16.2 18.1 19.1 17.5 16.9 18.7 14.0
17.9 16.5 15.6 13.4 15.4 18.9 17.6 19.6 20.9 15.5 16.6 14.9 12.1 10.4 13.5 13.1 16.3 17.7 18.4 17.8 17.5 16.5 17.2 14.3
12.1 16.4 15.1 12.1 15.0 12.0 16.1 18.5 22.9 21.4 18.7 14.7 14.0 16.5 10.9 18.6 16.4 14.6 16.1  9.5 20.0 15.5 16.7 16.0
17.9 12.7 12.6 11.4 13.6 18.0 11.2 19.3 21.1 16.3 18.0 17.9 15.6 13.0 13.5 16.6 14.9 11.9 10.4 15.3 15.2 15.6 13.1 15.6
14.9 13.9 15.9 14.8 13.6 12.1 11.1 13.7 16.2 15.9 20.2 17.4 15.3 17.9 16.6 16.0 20.8 13.2 14.2 15.6 15.8 17.1 13.6 12.4
18.5 16.9 14.0 18.9 15.1 16.3 12.2 12.4 15.1 16.2 17.2 14.4 12.4 18.4 17.2 20.3 14.1 10.5 15.5 20.5 19.6 16.0 12.0 13.1
11.9 12.1 15.3 18.1 16.1 16.1 17.9 16.3 16.5 15.2 14.1 12.8 11.3 15.3 14.1 15.4 12.6 13.2 13.7 13.9 17.5 15.6 13.5 12.7
